000	0000000001
001	0610307711
002	3845945021
003	1559099028
004	4159545803
005	4150464868
006	3930214289
007	2833228843
008	2475217822
009	1028080923
010	2720679996
011	2014316212
012	0227349220
013	0931510863
014	0647294254
015	0068825013
016	0421468944
017	0324423063
018	2176532916
019	1535313680
020	0688802176
021	0867394835
022	1235894519
023	2076281700
024	2899750854
025	2193609041
026	1342373203
027	0712702437
028	3681785687
029	3381590520
030	0856926110
031	0160394281
032	0815268492
033	0509957387
034	3834271757
035	0984634809
036	1252735497
037	2085901454
038	2194233672
039	3102920927
040	3479305343
041	3910714316
042	0455583182
043	1707843708
044	3166750378
045	2855102213
046	1898854723
047	2008199672
048	1310967421
049	1827459998
050	4068937913
051	0622943801
052	1807506053
053	1368730934
054	0054152150
055	1574406464
056	2261951702
057	2359931233
058	2059591235
059	2889652691
060	1370733669
061	1339611886
062	2572537516
063	2203930171
064	2463916954
065	2426879257
066	1717188923
067	2624749231
068	3707589183
069	3263463228
070	0815692798
071	0078983773
072	2478488846
073	0896895139
074	0140392474
075	1605500616
076	2623345058
077	0119410851
078	3129697756
079	1051597129
080	3959035679
081	2581381217
082	2695827008
083	2101072180
084	1205105145
085	3122338401
086	0956896426
087	0392020665
088	0752676056
089	4105722300
090	1293933487
091	0413582277
092	0298794028
093	4032499040
094	0267304462
095	1256274824
096	2274827714
097	0295942563
098	2292319152
099	2569758947
100	1965065017
101	1483468874
102	4149895861
103	3129137063
104	4056412655
105	2779862157
106	1017157566
107	0702127813
108	0605448216
109	2176860213
110	1522744683
111	2051060716
112	2409811610
113	0900995611
114	3226889485
115	0307624041
116	3426515199
117	0430034387
118	0463139386
119	1328168228
120	2954886470
121	0205078547
122	0228522526
123	2026084724
124	2448047262
125	2622229989
126	0200000942
127	1308653592
128	1875928693
129	0420663847
130	1622505735
131	0831027269
132	2504517806
133	0275688363
134	1403620467
135	3751637874
136	1079932193
137	1014676343
138	0623380838
139	2654281147
140	1464246641
141	2215927869
142	3059308340
143	2331537303
144	4116880123
145	2540148009
146	1607787123
147	2725867155
148	1186329601
149	1537584278
150	2927658840
151	2532435795
152	1300376065
153	2005695106
154	1401088943
155	3010447299
156	3949273807
157	3506175192
158	3590780437
159	4101494170
160	2941742186
161	3147669957
162	0640629882
163	2726325295
164	0131426868
165	3906401068
166	0575863198
167	3161660567
168	1719182565
169	1619075658
170	2076699479
171	3676224298
172	3352294147
173	0679943267
174	4074561873
175	0290467277
176	2434325538
177	0360853975
178	0752224382
179	0561201933
180	2997281038
181	1904311072
182	1158631086
183	2321727132
184	2160101081
185	3183195581
186	3541355651
187	2260938038
188	0738935584
189	0823106566
190	1183594735
191	0152791185
192	2256805123
193	0934958368
194	3878919536
195	0892151171
196	3187354729
197	3245046581
198	1075691903
199	1339290520
200	0238656695
201	1224927494
202	0826191046
203	1077174790
204	1954474068
205	3669401051
206	1468443149
207	4220906334
208	1668152093
209	2930277634
210	0141552726
211	3903294825
212	1335426711
213	4171640033
214	2056267095
215	3294527434
216	0375400630
217	1369143563
218	3781991543
219	2603485859
220	3921053183
221	0320956845
222	1630671368
223	2374188359
224	0746270206
225	3066001176
226	0060847779
227	2393233569
228	2704593444
229	0806933640
230	3755808562
231	1970320988
232	1662570078
233	3492788885
234	4189813157
235	3004598516
236	0552600832
237	2190607323
238	0448541960
239	4098888281
240	4107293985
241	4075807276
242	0291016933
243	0150860812
244	3656368482
245	2884760986
246	4148741735
247	4124965592
248	1157141652
249	2170121378
250	2170849261
251	0628963636
252	2407165451
253	0908084893
254	1461394043
255	4013906552
256	4044964540
257	4284676518
258	3566990443
259	3364563142
260	1449978397
261	1092895521
262	3343146955
263	2260425574
264	2984414176
265	1132190414
266	2948108889
267	1015054615
268	2073922852
269	2268306117
270	2174437404
271	0723556878
272	1216995762
273	1561308058
274	2645972974
275	4188519201
276	2697146669
277	3387709048
278	2427685922
279	0697812328
280	0792179548
281	0229079832
282	2188363194
283	1317606295
284	3856417438
285	1037702597
286	3198266314
287	4148273819
288	0194101939
289	3333996310
290	3066591866
291	4115429230
292	1811569556
293	2897128832
294	2266101825
295	0047423991
296	2897522432
297	1432897286
298	0117458470
299	4262539287
300	2399362934
301	2367053199
302	4253478405
303	3569868781
304	1444389661
305	3970853676
306	2535305238
307	2356859061
308	0172944516
309	0560259832
310	2937543963
311	3341051050
312	2309312570
313	0860455849
314	1499312682
315	1219226036
316	1786312996
317	0537175425
318	0870811599
319	3357801346
320	1324131275
321	2736672163
322	2059306874
323	4142902964
324	3786717403
325	1916626591
326	3906624141
327	1859068030
328	3563712688
329	2611117860
330	0293810890
331	0643618122
332	3717009949
333	3009996819
334	3052658442
335	1519202183
336	4147139251
337	3457660908
338	0978588652
339	4057922977
340	0926960117
341	3781100692
342	2903273858
343	2258095253
344	2957417669
345	1729178298
346	1546802684
347	1072640799
348	1555946091
349	1665618813
350	2200143327
351	0047298239
352	0252253211
353	2489797125
354	1622942261
355	2247000519
356	2274382280
357	0109983860
358	0831509918
359	0288412991
360	3341356869
361	3684925255
362	4138212211
363	2195617098
364	0788298424
365	0921173824
366	0139576572
367	0626744000
368	1626175304
369	2119760427
370	0365326215
371	3550008046
372	1712854469
373	1589337916
374	0474495387
375	0986664371
376	3659930934
377	0476105924
378	1736205807
379	4150324988
380	1802888356
381	1922840186
382	2016547270
383	3237509069
384	0610161976
385	1896508103
386	0007898894
387	2173944500
388	1620454228
389	4100303895
390	3791515849
391	0856138233
392	2583919806
393	3910096964
394	1521323538
395	0580163236
396	3320055325
397	2421901379
398	3375338955
399	0323323419
400	1991735342
401	2714305516
402	1727159330
403	1369062649
404	3993031649
405	2829886751
406	1002556916
407	4141124287
408	2946012261
409	2150246726
410	2005184085
411	1957376950
412	0983158411
413	0613980217
414	0697513400
415	3099771315
416	2056684239
417	1015045608
418	2746719452
419	2925195893
420	2036021282
421	3777721997
422	0372839955
423	3837484611
424	3612428012
425	4014654068
426	3713469491
427	0358709857
428	2515192033
429	2620985930
430	1955349702
431	0977046855
432	0499268382
433	0798847479
434	0248445188
435	0357700803
436	0433682387
437	1281068172
438	4267920978
439	4030786230
440	0792658723
441	1211623397
442	0613768604
443	2899386780
444	1317474170
445	2375253541
446	3932058953
447	1413271363
448	2485685563
449	4047723447
450	4072129556
451	0900033858
452	3996977299
453	1180061600
454	0532317658
455	3614371538
456	1876894642
457	1324598957
458	3909057649
459	0125545592
460	3014112900
461	3257458341
462	1999969158
463	3351330867
464	2456354157
465	3249108054
466	1788312108
467	1316862140
468	1450653935
469	0741236250
470	3507875704
471	3784856665
472	2729856849
473	4232152558
474	0504502565
475	2364846206
476	1799486046
477	0061864655
478	0471894717
479	3924507928
480	3572411546
481	3912900434
482	3114493278
483	1152422946
484	2015099367
485	0040019775
486	0335602393
487	0535005207
488	3689409472
489	4196170957
490	0186630692
491	0548561047
492	4222591501
493	2914611605
494	2867174004
495	3868123559
496	2567361367
497	3487335233
498	2634070861
499	0198797066
500	1367192714
501	2495510074
502	0986690091
503	2496288582
504	0103448771
505	4056674195
506	0887692378
507	2536038664
508	1202096825
509	0613751210
510	2424935124
511	3654098493
512	3842066754
513	4017016880
514	3878294652
515	3098046876
516	2659523410
517	2373849940
518	1185587542
519	3727578384
520	3346214503
521	2738258300
522	3341478991
523	1118819212
524	2475466321
525	3632276952
526	1302162165
527	3438543454
528	0581968100
529	3717978236
530	2847036187
531	0804345309
532	2997401954
533	3383129699
534	0667031204
535	2498650892
536	1658607486
537	0968762152
538	2692132117
539	4275737312
540	2674284912
541	3278604109
542	0031698840
543	3684326589
544	3276302771
545	3881097655
546	1148629181
547	3350552707
548	2306211069
549	0444613876
550	2831268798
551	1838479824
552	4286087814
553	4096070500
554	0958690048
555	1287320661
556	3027259272
557	3168991980
558	2266641930
559	3621095494
560	1961764133
561	3086136326
562	2104057981
563	1041558418
564	3672406350
565	3641482145
566	2435564042
567	0372459012
568	0370658370
569	1440634937
570	3959551210
571	0791998891
572	0534135407
573	2763635423
574	2155618371
575	0597856151
576	0540569191
577	0226247014
578	2459652301
579	2014801959
580	0171834700
581	3945108246
582	1045801289
583	4057536579
584	0027977561
585	3318511333
586	2327581622
587	4063725295
588	0249065216
589	2572331248
590	4161362390
591	1475329829
592	4151263138
593	3541275123
594	4260351493
595	0324253537
596	0531776995
597	2370411992
598	3743454110
599	3600642283
600	2379361183
601	3418924605
602	3844230992
603	3929770313
604	0301266999
605	2181074732
606	0847039082
607	1726948731
608	3373813688
609	3198337055
610	2108083747
611	4079076259
612	0431984502
613	3171635524
614	0963544028
615	2479972493
616	1107236430
617	3953298844
618	3936133994
619	1909314463
620	4049225756
621	2084025716
622	2879526934
623	2391208616
624	3893670568
625	3631513625
626	3624151673
627	0353849140
628	2181099013
629	1114013972
630	4104958950
631	0274674863
632	0912592334
633	4008951105
634	1702473470
635	1108588870
636	2343501457
637	0041879518
638	0488104962
639	2154920561
640	1207949750
641	4130702272
642	1849939839
643	3515737364
644	1635165397
645	0622445165
646	1500883287
647	1198669019
648	3116613441
649	1451413828
650	1668694491
651	2315909966
652	4100497423
653	1371708411
654	3351142011
655	3161133287
656	4062351575
657	2097240475
658	3627969642
659	3098071532
660	1735777930
661	2310666272
662	4152246688
663	3808421313
664	4023564521
665	1098946990
666	3624994045
667	1829913124
668	2834426953
669	1224396660
670	3273024538
671	2182279926
672	0535946067
673	0673280062
674	3020364344
675	0097807225
676	0045460497
677	3195216023
678	3651759541
679	2639614462
680	0619302713
681	0815891750
682	3101610397
683	1432814664
684	0549742238
685	2835536453
686	1482123602
687	0124850017
688	2300898087
689	2555572262
690	2821118250
691	3545959988
692	4143972859
693	2662666628
694	1505362703
695	2937047148
696	1256488145
697	3578429363
698	3295980459
699	3968568108
700	2988484442
701	2204548947
702	3268455798
703	2407365757
704	0767472497
705	2839352971
706	1432191549
707	1811908359
708	2312091111
709	3995229936
710	0874610890
711	4101405480
712	3881879601
713	2137215886
714	0617147819
715	3791119286
716	0863313619
717	0232242884
718	2734156103
719	0842521071
720	3859412749
721	0787477360
722	4146222275
723	1363043930
724	3711621795
725	0615575869
726	2141210562
727	3159537550
728	1578784816
729	0704176465
730	0261252747
731	3559280283
732	4281622225
733	3823282837
734	3114671968
735	0768743110
736	2722643237
737	1289325719
738	0748531383
739	1746530759
740	4035730483
741	1728129337
742	2893739924
743	0323864098
744	1986779284
745	3404346899
746	2348534401
747	1848496237
748	2181730558
749	2500651874
750	4263149282
751	2432968082
752	2844488962
753	1626069931
754	1814701766
755	1199416557
756	2193094880
757	1352746462
758	1547516834
759	3023860058
760	0434428600
761	0375159845
762	2289859016
763	2772376088
764	2921044218
765	0325626172
766	0055184478
767	2780401816
768	1187026547
769	1111914871
770	3952354766
771	0667975228
772	2080415460
773	3641788219
774	1704944522
775	3010508250
776	0963337945
777	0425299971
778	3063714921
779	1627328958
780	2133497617
781	4203065027
782	2548948298
783	4161393019
784	0496204105
785	0499633741
786	2803357890
787	2142415357
788	3090027825
789	3218551728
790	0733103527
791	3037624800
792	0732722424
793	1997438078
794	0647097892
795	2764782943
796	0889188857
797	2710939813
798	0853432694
799	2046684095
800	2418374035
801	3708490051
802	3142759196
803	2364573686
804	0655889730
805	3666712737
806	0613360889
807	1714191405
808	0889918816
809	3138888385
810	1395623246
811	1743097114
812	2529244614
813	0626491626
814	1549907427
815	0120257431
816	3695319330
817	2937461031
818	1947765207
819	3637995452
820	0222544100
821	2717184615
822	2686383723
823	0874199901
824	3886227701
825	2043841583
826	2456807989
827	3516453552
828	3759771161
829	0151735375
830	4129648848
831	2599791832
832	3071041127
833	2953194386
834	3916544909
835	4127014403
836	4066832893
837	1090430547
838	1800785930
839	2057488553
840	3608265773
841	2461132991
842	4051686312
843	3850885557
844	1185878393
845	2497486505
846	0533480115
847	2387926973
848	0037009110
849	1398351626
850	2909848439
851	0376168374
852	0206285082
853	2154986549
854	3254124263
855	0304821490
856	2381947428
857	2371737060
858	0567163211
859	2741385919
860	2422036122
861	0917520204
862	1036355390
863	1544964674
864	2488447565
865	1893257418
866	4069892862
867	3129560197
868	0260614463
869	1834799690
870	1912686573
871	4220473248
872	3166683685
873	3236731360
874	0337383500
875	2473451472
876	1588361829
877	2256937748
878	1650883506
879	0586073136
880	3836683216
881	2992379775
882	1946123343
883	3191906930
884	1997995196
885	2928155440
886	0403654823
887	0954651038
888	3776389579
889	1698301985
890	4101340696
891	2417804167
892	0234917578
893	0842632597
894	3778976444
895	4287882223
896	1409224541
897	0010062032
898	1404700596
899	0479996417
900	3998357628
901	0438350673
902	1743653425
903	3956084867
904	0911134319
905	0176105543
906	2763501437
907	3698421736
908	3988029744
909	3783590708
910	1382690450
911	2083838380
912	0229058519
913	1470783024
914	1022712935
915	1636949591
916	1056297450
917	2733345910
918	2204827764
919	3761819943
920	3055183601
921	0477000377
922	2758454809
923	4104321887
924	4109739305
925	2636041982
926	3075317322
927	2216052182
928	1429178384
929	2433075747
930	3815718459
931	2861084081
932	1341956547
933	2941258332
934	1369891577
935	0508759230
936	0669851303
937	3941099508
938	2763522567
939	2442789745
940	1411864711
941	0444829211
942	2477453041
943	0194955526
944	1799839860
945	0739890515
946	3908017124
947	0436280961
948	0205757865
949	3018750460
950	3632063481
951	0036955342
952	1916183581
953	2703515849
954	2295298605
955	1063568604
956	3442286378
957	2059590343
958	2175493388
959	2158224593
960	2724990845
961	1744985114
962	3600332242
963	3793903801
964	1369235408
965	1146221183
966	2812127818
967	2066181737
968	1875880025
969	2284088183
970	0630330637
971	1083303654
972	2334407173
973	2610775094
974	1735776649
975	3675143479
976	2696231184
977	3504459992
978	1984335635
979	2752582920
980	2719182071
981	3683625971
982	2962443467
983	0951409908
984	2248563463
985	3399268935
986	3221769979
987	3970276204
988	3366520312
989	1441246221
990	2743878489
991	0919551767
992	1344811115
993	1312167491
994	0734137035
995	3669369056
996	0958739208
997	1182010240
998	2496222056
999	2714409314
