000	0000000001
001	2692481146
002	2447117626
003	0752362814
004	4237304894
005	3767796794
006	3498837026
007	3236431142
008	3162776622
009	2695103786
010	3573165534
011	4114130032
012	1870379054
013	1528214610
014	3018592633
015	0044703052
016	1969664127
017	3265762356
018	3313641928
019	1410018624
020	2395094587
021	3078862548
022	2064894776
023	3724624523
024	2025717363
025	2491094606
026	1216430462
027	3995562532
028	2017654069
029	1044726398
030	2728621073
031	0246630608
032	1137979142
033	3892151475
034	2261388410
035	1955905216
036	3594758802
037	2121169986
038	3178244588
039	2529044673
040	2413009405
041	3581950361
042	0486950344
043	2072762093
044	4084045757
045	1882595972
046	3638896522
047	0946864220
048	0006269680
049	0244167573
050	0910870980
051	3090295441
052	4232285915
053	0081609981
054	0065175743
055	4195257315
056	0962905654
057	2770427023
058	3144879020
059	1306444589
060	0696338943
061	2907444331
062	3244743119
063	2126814833
064	1610134556
065	0412178629
066	1295693109
067	3276096977
068	1799714238
069	0468286408
070	0426965728
071	0912060972
072	3887586640
073	3247386387
074	4167523586
075	3207822298
076	3096051838
077	2981530003
078	3271129809
079	3424670136
080	1208247696
081	2054103172
082	3813131254
083	2687218479
084	4030306421
085	2651581824
086	2767506589
087	2388675427
088	2052936693
089	1327441707
090	2927313683
091	0373816684
092	2603850089
093	0336164450
094	2193104223
095	2289364193
096	0736827543
097	3767790226
098	1086016269
099	0823602776
100	1816357086
101	2359361928
102	2144561075
103	1111504937
104	4071324776
105	2163003043
106	3830301684
107	2225184140
108	4020368646
109	1055715106
110	0835081978
111	2356367048
112	1161747363
113	1286268831
114	1137890569
115	1301730270
116	2960591679
117	1262716519
118	0430462750
119	1604878257
120	0442806500
121	2770364068
122	0452231819
123	1497901430
124	1993359827
125	1070658503
126	0542926515
127	1468779286
128	3645102974
129	1943448818
130	0990875893
131	4132157868
132	2930345215
133	0917460358
134	0117291588
135	2585914746
136	1570303649
137	4209264348
138	0119777703
139	1211128796
140	3274624839
141	2728887410
142	2783839786
143	2540565826
144	1489125934
145	3725156172
146	3348767821
147	2850211324
148	2376571080
149	3892474101
150	0313858915
151	2441766440
152	3308866062
153	0541465750
154	0517152731
155	2035976397
156	3229620688
157	2492756377
158	0045696463
159	1525599834
160	1399217257
161	1507485489
162	3568361256
163	4072071600
164	2346864534
165	0824534676
166	2801060653
167	0977208437
168	4096986604
169	3631800378
170	4069992070
171	3986052968
172	2483080964
173	2308946544
174	3187497540
175	2815320801
176	1323118873
177	3452036575
178	3198353568
179	1849535117
180	4251140892
181	0491133218
182	2018640764
183	2515007566
184	3493734708
185	1576305120
186	0190677493
187	1095733278
188	1233011807
189	4115562661
190	1476149790
191	2262643791
192	3085419853
193	1395654537
194	3070771431
195	3227101782
196	4204866847
197	2692668115
198	3367169994
199	2366002337
200	1685612100
201	2664961505
202	0982532000
203	3530746933
204	2966450996
205	0255598833
206	1838966399
207	3581853754
208	2943873936
209	0265073874
210	1911621600
211	1400940145
212	0319875150
213	1046913180
214	0902548590
215	1876538405
216	3124438759
217	1841203194
218	2419345644
219	2771085321
220	2290667883
221	2864037184
222	2567810831
223	2533079387
224	3064629604
225	3701505332
226	3226309280
227	0241411655
228	1685523556
229	2936302111
230	3182249097
231	3230052017
232	4194865812
233	3944962932
234	3185495553
235	3300210296
236	4242778424
237	0012712163
238	2637289781
239	1941463586
240	1545022608
241	1567091060
242	2603403472
243	0064436148
244	3633794482
245	1115167440
246	2020720623
247	0618171045
248	0746853656
249	0585597059
250	4284851375
251	3812835802
252	3908245811
253	1407108406
254	1215692669
255	2422032867
256	2201636680
257	3734745294
258	0649089597
259	0448123301
260	2876285511
261	1293117438
262	2050013295
263	1738875009
264	1344615519
265	0802089459
266	1406776008
267	1218763699
268	2441784852
269	0645616365
270	2183008434
271	2860088157
272	1052049062
273	1078039966
274	1976793191
275	3336604264
276	4058696031
277	0690385569
278	0474046241
279	3883827100
280	0844754707
281	2368019826
282	4162978438
283	0727854025
284	2612970682
285	0804650658
286	0520472795
287	1707638427
288	3171623183
289	2490010437
290	1164128231
291	1115303512
292	3111277558
293	4026852141
294	4190113995
295	0181458535
296	1229543333
297	4014014922
298	2108686100
299	1989770785
300	1294375847
301	0675094052
302	0235775129
303	0956454623
304	1012197148
305	3886797831
306	3918042899
307	0336855410
308	2355356703
309	1948220484
310	3877984895
311	4162078322
312	4026349246
313	2995960359
314	1918712666
315	0271652199
316	2595684128
317	3460669372
318	2396866999
319	1323755967
320	1214371488
321	0276754146
322	4265934898
323	2258700202
324	1181240492
325	3637361670
326	1983136422
327	2435056465
328	0533521613
329	3277739808
330	3229246972
331	1224198592
332	1115253698
333	3063953475
334	2910715691
335	2773074955
336	0228542215
337	0847001845
338	3835814535
339	3206905359
340	2246602788
341	4120448452
342	0971122948
343	3538044956
344	0693340697
345	0178646254
346	1776667092
347	4000071440
348	3689257560
349	3248532400
350	0970324302
351	2520719552
352	0163071200
353	2172547064
354	0124943763
355	2267351247
356	3890005234
357	2229332678
358	0672401696
359	2572723790
360	3226236315
361	1514877765
362	0006865691
363	4043810658
364	0498234426
365	4006974854
366	3633368110
367	3852708748
368	1067266612
369	3734785044
370	4284007224
371	2516755653
372	1045660631
373	2429190834
374	0373580608
375	0482469946
376	1165613342
377	0425910500
378	3639044139
379	4028273690
380	0115109240
381	2760206223
382	0980323907
383	3604626587
384	3821232428
385	1282394019
386	0072744083
387	1858807706
388	0037030910
389	0685253530
390	3021711590
391	0389444696
392	2760216116
393	2610095878
394	1316610373
395	3630847553
396	0790457364
397	2223349340
398	2931259081
399	2683346925
400	1150875381
401	2557463255
402	3747291432
403	1958618132
404	3948263610
405	0577763683
406	1535063224
407	2539021296
408	2520972300
409	2232339865
410	0120831052
411	0331681135
412	2858328471
413	0042641108
414	0839001211
415	1599137461
416	1536318832
417	2070803323
418	3474185946
419	4249424452
420	1386611602
421	2041725933
422	3974092194
423	3503532913
424	0652231696
425	2312470303
426	2591759491
427	3587483021
428	3648822300
429	2127120020
430	1481280090
431	3276931636
432	0666404952
433	2730250056
434	1396536533
435	0504034422
436	2394406419
437	2027033839
438	1014136003
439	3695898513
440	0181903284
441	4084923089
442	0608012836
443	3152805581
444	4100618427
445	3461554966
446	1336761376
447	3589398256
448	0636629547
449	0269276721
450	1884649296
451	1712422963
452	3375419119
453	4169123570
454	2128079833
455	1768269519
456	2074835964
457	1742584568
458	3818065060
459	2180853323
460	1243291678
461	2756723842
462	4144622143
463	0363688943
464	3185794716
465	3719984532
466	0563324142
467	3460863067
468	2164643558
469	0099930630
470	1600934289
471	3685028205
472	3109639431
473	1734101383
474	1654060782
475	4267883835
476	0736232153
477	3396650023
478	4258309926
479	0262274264
480	1724906613
481	3842871153
482	1716226247
483	0668533711
484	3562435199
485	2842195853
486	1218294919
487	1856515308
488	0261043877
489	2174969257
490	1907429039
491	1541835026
492	0841353711
493	4162058802
494	3352817199
495	2400597195
496	3313011591
497	3159797456
498	0530349059
499	0124536473
500	3024630631
501	1379040595
502	0623839283
503	3662765836
504	3677393388
505	1173376351
506	3204723780
507	3857045565
508	3764707749
509	1164417721
510	2329903743
511	3508711020
512	1084767239
513	2184762475
514	0707887329
515	0858703595
516	3250764323
517	1128708858
518	3050907731
519	0057427150
520	2042011392
521	2853324941
522	0184182987
523	1422865363
524	2206210668
525	1656132636
526	4256181685
527	3940647766
528	1897494050
529	3754670180
530	1691777449
531	3486728295
532	2357248629
533	2956032809
534	0554600480
535	1059513413
536	0827182934
537	4271527641
538	4145987047
539	1045695548
540	2737835201
541	0340929919
542	2228259279
543	2494853255
544	2648098502
545	1223745170
546	0547321919
547	1153211689
548	1442054045
549	0897990583
550	2923935046
551	1808776711
552	3136201232
553	3526968616
554	2787681184
555	1625977053
556	3960632795
557	1143027497
558	2327533587
559	3354744338
560	3837014534
561	1870378263
562	4246587847
563	3611870634
564	2091991978
565	2858577032
566	2092052424
567	0450589999
568	1740752440
569	4282214473
570	0625989533
571	3571072629
572	3368535546
573	2084519768
574	0905871723
575	0814599955
576	2794671624
577	4223205472
578	1816203570
579	2640414415
580	1421696046
581	2544267233
582	3108513437
583	2042009336
584	1720336266
585	1741781321
586	1267335136
587	3237137806
588	0227885676
589	3867253390
590	4257944925
591	1148431071
592	0760454162
593	0037254363
594	1736934085
595	2867441153
596	3219895366
597	2197505549
598	3796259624
599	1552407514
600	2854488734
601	0010865289
602	1551092441
603	1178854383
604	2703974726
605	0168403428
606	0890790930
607	0376723491
608	0645768046
609	4148529215
610	2454959542
611	1594000617
612	3668346675
613	0077689576
614	2830499976
615	4290066647
616	1675380377
617	3286614557
618	1046759258
619	3910015592
620	2230832439
621	2202673412
622	2467231379
623	0060337009
624	2294241952
625	0373724722
626	0059502592
627	4071075584
628	2435617621
629	3362758708
630	1021311581
631	0956632249
632	1133739534
633	3803894912
634	4069301981
635	0904538544
636	1566910356
637	2771410305
638	0460797966
639	2277839364
640	0094041628
641	1022923111
642	0298179657
643	2840347325
644	3767105200
645	0644273144
646	2269284145
647	4214210999
648	1105583787
649	0982884114
650	3000004540
651	0340070124
652	3757548229
653	1362310673
654	1289775929
655	0221193950
656	2336856488
657	3981839248
658	1817336803
659	1678047279
660	0593669006
661	0829528648
662	3043191761
663	1487771269
664	3027022611
665	2935689305
666	3344163701
667	0066565800
668	0653142311
669	3543338868
670	0168141004
671	2896855296
672	2476539693
673	3769717080
674	1292437742
675	2930471987
676	0912224341
677	1982398161
678	2973404749
679	2661225725
680	3319134206
681	0254660521
682	0264943443
683	1482858345
684	3214553563
685	2807478189
686	2171303719
687	4159573676
688	0644229757
689	4222989700
690	0223454995
691	2339709555
692	0014568358
693	0554735230
694	0199535298
695	0410900345
696	0479591502
697	2870148640
698	3605160360
699	1876437149
700	4040407390
701	1045052122
702	0105291018
703	2339262994
704	1488626221
705	3325581476
706	0084979944
707	3685427860
708	1850197496
709	3067468029
710	4118688638
711	1598960723
712	0722241209
713	3547647545
714	2807323349
715	1410038262
716	1525609693
717	1742965583
718	3125293938
719	2172557455
720	0152432018
721	1074927009
722	3351666585
723	0188710656
724	3568441832
725	2065972664
726	4254288406
727	1215420755
728	3391887556
729	1253857701
730	3747187302
731	4211555787
732	3799448046
733	1514779381
734	4034082393
735	3984928217
736	1506380542
737	1563269109
738	2066177295
739	2774465083
740	2847621874
741	0028808644
742	4158038509
743	0853287317
744	1124215983
745	2543865263
746	3046142613
747	4007650683
748	1898424367
749	0299826039
750	0373468240
751	1190390203
752	1613335526
753	3820627371
754	3606905625
755	0986770038
756	1721306432
757	2741102438
758	2283910695
759	3408657999
760	3140128143
761	3606985694
762	4221594382
763	3458530176
764	0886450969
765	1308749024
766	2892164388
767	1384759350
768	4250505596
769	2030445595
770	2560476174
771	0198466854
772	2987210871
773	4274176321
774	1727225394
775	1558301928
776	1301394502
777	3648053961
778	2176930165
779	1176658825
780	2210938164
781	1114600369
782	1059174882
783	2192770291
784	0871828999
785	2592164374
786	3698581346
787	0822049988
788	4013247519
789	2223976929
790	2732648575
791	2144978423
792	0346527248
793	2911581496
794	3879154989
795	1178067501
796	2978509044
797	2636946639
798	1734541547
799	2047872249
800	2214046054
801	0737879593
802	1280371344
803	1966261896
804	1885401358
805	1974107532
806	4171421288
807	1046512964
808	0990095262
809	3082134548
810	2533461466
811	1586747617
812	0626073251
813	2194400709
814	4034898520
815	2512143052
816	0143158691
817	2456725305
818	1005638880
819	1415066862
820	1187057508
821	3573795801
822	4072124438
823	2053264875
824	3177019549
825	2180277597
826	0847936688
827	3845171372
828	3674662259
829	1671506248
830	3195145909
831	3153486780
832	3976904672
833	4042858794
834	0348219100
835	1324419608
836	3796909983
837	3679836021
838	3175631265
839	0117889433
840	1068476870
841	4226167482
842	2336583922
843	4216953008
844	3572014831
845	0009471310
846	2805395103
847	3903815410
848	2505111409
849	0197400008
850	0834143827
851	1340075737
852	1369239555
853	0150816346
854	1397025576
855	2600090628
856	1476451895
857	2503265400
858	0786227303
859	1103870644
860	3657159318
861	1264028475
862	1971091408
863	3808815692
864	3597009247
865	3684467169
866	0781998622
867	0765971758
868	4218768849
869	1120988555
870	3850061154
871	1696584903
872	2825066164
873	1094269617
874	3378456491
875	0760352945
876	2428429093
877	2913844049
878	0990500206
879	0513843965
880	3867549644
881	2425343647
882	3303728014
883	1827896877
884	0631753211
885	2432402958
886	0848277094
887	1424203008
888	2895650734
889	3339494357
890	3858781374
891	2290667065
892	2085303839
893	1652869964
894	4270190626
895	2131655083
896	1935137393
897	2717634192
898	0475183424
899	3356501114
900	3598099584
901	3003183060
902	1839837136
903	2480077670
904	3043650709
905	1641576960
906	2128110541
907	1180994213
908	0871147286
909	0974726163
910	1756577426
911	3656847403
912	3918481344
913	2428678384
914	1793396641
915	0155929325
916	2334187313
917	1542408514
918	1955961121
919	2316028291
920	3029973965
921	4285987488
922	0904744979
923	1499199012
924	1101104631
925	2724415062
926	3376256125
927	2004754814
928	1587017426
929	3299607842
930	0016009969
931	3157993356
932	4265121719
933	3181866685
934	2401329896
935	0380867022
936	2741837386
937	1299634497
938	0394761927
939	3184878951
940	2391879217
941	2338701360
942	4177728824
943	0848734544
944	1907536813
945	0364041422
946	0999091064
947	3185877082
948	1383614030
949	1030067421
950	0698630774
951	1075202336
952	2290934172
953	3992921258
954	3466294373
955	2200461507
956	3727785965
957	4174892082
958	1375053612
959	1921134792
960	3419506199
961	1621893184
962	1317505194
963	0640323463
964	1939697303
965	2361332697
966	3262906937
967	0886660679
968	2435611853
969	1326089699
970	3287862225
971	1874546173
972	4294176600
973	0752352277
974	3536879162
975	1991256612
976	3792210783
977	0178368474
978	2507183916
979	4007288031
980	2708115874
981	3562576932
982	3764498770
983	2047473538
984	1633442644
985	2111219065
986	4175537587
987	0105984448
988	1545820357
989	2243782458
990	4136453679
991	1763112299
992	2849927361
993	3603432613
994	3614600122
995	1207182399
996	1353820652
997	3852112495
998	0717240572
999	1985353163
