000	0000000001
001	0608023872
002	0673560843
003	0741194610
004	0836058786
005	0903689333
006	0969225053
007	1036859156
008	3254067252
009	3321703423
010	3387239703
011	3454870878
012	3516203966
013	3583838833
014	3649375449
015	3717005456
016	3786741248
017	3854375627
018	3919911971
019	3987543146
020	4048900762
021	4116535901
022	4182072437
023	4249704508
024	2171946892
025	2239581140
026	2305114173
027	2372750964
028	2434098187
029	2501732804
030	2567269741
031	2634902052
032	2704634135
033	2772270044
034	2837803829
035	2905439868
036	3000268651
037	3067903388
038	3133436597
039	3201069564
040	1123314783
041	1190945684
042	1256483709
043	1324115508
044	1385451099
045	1453081492
046	1518618429
047	1586250212
048	1655985188
049	1723620574
050	1789153575
051	1856786929
052	1918113142
053	1985746096
054	2051281801
055	2118917187
056	0041160400
057	0108790810
058	0174328291
059	0241961517
060	0303310850
061	0370944204
062	0436480885
063	0504113087
064	0573845692
065	0641480566
066	0707017359
067	0774649929
068	0869580270
069	0937213496
070	1002748305
071	1070379464
072	3287591258
073	3355225744
074	3420761846
075	3488393528
076	3549724710
077	3617360872
078	3682895058
079	3750528536
080	3820262458
081	3887895792
082	3953432462
083	4021065592
084	4082425086
085	4150057528
086	4215592578
087	4283227464
088	2205467354
089	2273103120
090	2338639718
091	2406271144
092	2467619750
093	2535254520
094	2600790097
095	2668421290
096	2738158776
097	2805789421
098	2871327843
099	2938960036
100	0134154046
101	0066521081
102	0267322707
103	0199690904
104	4158591770
105	4090960727
106	4291760993
107	4224130734
108	3888066720
109	3820433901
110	4021236455
111	3953606188
112	3617532126
113	3549899419
114	3750700309
115	3683066818
116	3347013828
117	3279383570
118	3480184217
119	3412551250
120	3076485199
121	3008852994
122	3209656325
123	3142024906
124	2805946053
125	2738313608
126	2939117187
127	2871483720
128	2535411165
129	2467775400
130	2668578087
131	2600945376
132	2264911829
133	2197275264
134	2398078731
135	2330447808
136	1994380493
137	1926748288
138	2127550103
139	2059915720
140	1723858134
141	1656224170
142	1857024433
143	1789392357
144	1453318304
145	1385687012
146	1586489723
147	1518857661
148	1182771896
149	1115136252
150	1315941223
151	1248306475
152	0912243558
153	0844608042
154	1045412157
155	0977777777
156	0641702364
157	0574069648
158	0774871947
159	0707238863
160	0371165098
161	0303530238
162	0504336113
163	0436700710
164	0100567650
165	0032934678
166	0233735186
167	0166102622
168	4125003810
169	4057373294
170	4258174584
171	4190541108
172	3854483336
173	3786846916
174	3987649624
175	3920015404
176	3583945256
177	3516313196
178	3717114736
179	3649479204
180	3313426688
181	3245796932
182	3446597200
183	3378965532
184	3042900848
185	2975266988
186	3176067499
187	3108436182
188	2772359754
189	2704724377
190	2905527029
191	2837895344
192	2501821124
193	2434188929
194	2634993037
195	2567357128
196	2231259100
197	2163623183
198	2364424283
199	2296793110
200	1960729978
201	1893096885
202	2093896705
203	2026264908
204	1690203872
205	1622571299
206	1823372111
207	1755738394
208	1419666398
209	1352034698
210	1552837031
211	1485204690
212	1149117561
213	1081483450
214	1282288351
215	1214652818
216	0878589439
217	0810955568
218	1011760277
219	0944127704
220	0608048355
221	0540417808
222	0741217405
223	0673586488
224	0337513935
225	0269878296
226	0470681653
227	0403046512
228	3100897991
229	3168531718
230	1489237635
231	1825306046
232	1089727330
233	1425795260
234	0350481825
235	1491854755
236	4170432640
237	3432762978
238	1283704071
239	0277597363
240	2964574476
241	2763772842
242	0614717327
243	0145478221
244	2824049230
245	2623250348
246	3695417153
247	3226180351
248	1618185224
249	0880511270
250	4100164363
251	4167798681
252	1477682360
253	2350624010
254	2013505175
255	1007397058
256	2352201244
257	3627791818
258	1612954816
259	4029398186
260	1842559936
261	3655023538
262	1103312430
263	3452646768
264	2113089270
265	0704326680
266	1373842450
267	0703276184
268	3113418842
269	3382380016
270	1367542054
271	3716875616
272	0766713054
273	4189788728
274	1101205538
275	3517652810
276	2907918704
277	0693853474
278	1766020703
279	0894131600
280	2306035694
281	0494619935
282	2573422093
283	0292244950
284	1293116940
285	3977995783
286	0688090041
287	3037423822
288	0154367000
289	2033940769
290	3173220291
291	0489387016
292	2396157354
293	0718962587
294	2931981917
295	1925871778
296	1324508396
297	0452620173
298	0518154141
299	0921332630
300	0378685684
301	0580538182
302	0914507193
303	2861188862
304	2796705207
305	0582637238
306	3668072797
307	3131724294
308	4065468021
309	0240783428
310	0440539955
311	2253004364
312	0175247285
313	1853492996
314	3663859639
315	1449788196
316	0437397373
317	2853839812
318	1040327931
319	0571090316
320	2922526901
321	2855942070
322	2988586285
323	3928635526
324	2077406772
325	2681909844
326	1203944475
327	0332050987
328	2750589770
329	3086658538
330	3219300641
331	3823804883
332	3012726674
333	2476378330
334	0193105645
335	3146418517
336	0196254388
337	3216676948
338	0195204407
339	1940561087
340	3880966230
341	1264246150
342	2470631289
343	0122344665
344	0930270394
345	0058377930
346	1331873417
347	2271921474
348	1192422162
349	2803559850
350	2265116594
351	0252373546
352	0053673698
353	0255522018
354	1663237488
355	0053149112
356	3153660476
357	0535890494
358	4293460038
359	2682324158
360	0534319358
361	1339102998
362	4022935342
363	0734076862
364	2881040830
365	1202795182
366	3886627814
367	4020320892
368	2207852836
369	2274435700
370	0864625799
371	0193013598
372	2205771070
373	4017186609
374	1936285745
375	1667328472
376	0525957216
377	0525432745
378	1665757641
379	2000781160
380	3141098146
381	2133938933
382	0589911365
383	2602652604
384	2602123772
385	1058098127
386	1191789335
387	4144057214
388	1996083166
389	3539059329
390	1323942147
391	2128725562
392	1322899930
393	1523700778
394	1992939035
395	0583129226
396	1589244989
397	4004641298
398	0246019819
399	1319236978
400	0379184035
401	1787946640
402	2324291689
403	1921117330
404	3396971605
405	1450288218
406	4201229371
407	3999377050
408	0844740929
409	1649523258
410	1313453787
411	3594629794
412	0708419349
413	2586942904
414	0438932785
415	1512152488
416	1511622840
417	3121710290
418	2651425603
419	2785120229
420	2851636778
421	1307608276
422	3723005773
423	2581629069
424	3654850126
425	3654327108
426	2043188271
427	2176882497
428	1102625630
429	3316693080
430	1772664553
431	2309009747
432	0228108120
433	0563129738
434	0227058427
435	4253065549
436	4185450992
437	0896593534
438	1634265839
439	0828434198
440	1633221252
441	3780179518
442	2034827256
443	2034300790
444	0087610896
445	3174095230
446	1227414270
447	0824234756
448	2904081166
449	0152093454
450	0352897128
451	0419482182
452	0620250728
453	2230341438
454	3169338452
455	1625312246
456	4040708468
457	1020284966
458	0348674240
459	0482367708
460	3233314554
461	1890612548
462	1554543013
463	2023780614
464	2157472004
465	0747661961
466	2760404231
467	1350594264
468	2021141950
469	1081092105
470	3295159163
471	3361743080
472	4099421792
473	2421177205
474	2487759515
475	0541079292
476	0808984050
477	3761248559
478	3760723493
479	3357544574
480	3088584636
481	3826254353
482	2951451745
483	2636743107
484	0005780611
485	3246216492
486	4129868461
487	0948425994
488	3721735994
489	1256493239
490	3417721232
491	1363102063
492	0222347491
493	0718892721
494	1917252277
495	2418258876
496	2254290732
497	1566313011
498	4272062891
499	0079291558
500	2428922793
501	1382018465
502	3749739567
503	1369637904
504	0016249616
505	1412813075
506	2956955454
507	0127394865
508	1206585794
509	2872260159
510	2515078572
511	4278101224
512	1856838808
513	0683964520
514	2965359525
515	3064924736
516	0140846471
517	2088628362
518	3160916613
519	0027133055
520	1928678702
521	2116058131
522	2977381578
523	3011114966
524	0213118978
525	2263598291
526	0942799552
527	2871023084
528	4102058264
529	3021278887
530	3737128237
531	0073337091
532	1163055686
533	3724267770
534	2945898451
535	0417335473
536	2186017177
537	2835940231
538	0334448300
539	0508178071
540	3951499993
541	1814847758
542	0654404940
543	3137434738
544	0406073111
545	1415064197
546	0085258424
547	1100984858
548	1645372730
549	3157740002
550	3705292143
551	2832426779
552	3744864531
553	3598369518
554	1831813480
555	3011238446
556	0249793961
557	0657966420
558	1714909276
559	0064345357
560	0862305244
561	4271159886
562	3362586800
563	1055618735
564	1957891015
565	1224080719
566	0346900869
567	0549418356
568	4026603642
569	2054455813
570	2401717037
571	3150175678
572	2220605822
573	4212101087
574	1912384635
575	2465468575
576	4175219890
577	3090328274
578	1350979223
579	1923869555
580	0236552191
581	2733858352
582	3775616348
583	4153954785
584	0169301358
585	3469716301
586	2635937351
587	2351753371
588	1408412198
589	0623857720
590	1338599831
591	0607691652
592	0739183412
593	1534035177
594	0427612215
595	1777946846
596	0063816452
597	1784273425
598	3591582026
599	2745757682
600	0655511033
601	0364375326
602	3727040431
603	2916950315
604	0506404803
605	1801476938
606	4194524451
607	1089469299
608	1132280969
609	0716629058
610	0827172401
611	3828799728
612	0717092404
613	0498260458
614	0740630601
615	2344449043
616	4038147092
617	4103154488
618	2500236367
619	4232815141
620	2253111334
621	1661139898
622	3369027415
623	2344280135
624	1392449285
625	2142181548
626	3072566569
627	2665090445
628	0796651847
629	1425254387
630	2991939430
631	0938085883
632	3135338037
633	2805437888
634	0357653576
635	3183335311
636	1026067331
637	2115552710
638	3999047774
639	1998408130
640	2632257507
641	2335910853
642	0876042684
643	3233598945
644	0247058534
645	0942643472
646	1018866012
647	1784704068
648	0187855249
649	3517669998
650	1340593458
651	1277398858
652	1496556253
653	0958325996
654	3338658981
655	0361969596
656	3414387899
657	1178377566
658	3263435737
659	1677776247
660	2883508475
661	0419263531
662	3119382813
663	2015746055
664	2205912079
665	0575822724
666	0837466280
667	3926823135
668	2944844227
669	2839339413
670	2759898460
671	1198243423
672	2256652654
673	3954762733
674	1403099022
675	3383766275
676	2313111627
677	2128454971
678	3687811819
679	1869136049
680	2020658999
681	2481580291
682	0172121536
683	3220114125
684	2658725539
685	1220816565
686	3419390220
687	0715189755
688	1490834966
689	2763081444
690	2182749024
691	1630518351
692	3153427831
693	2971544958
694	0584016073
695	3643696299
696	3256490641
697	3307782905
698	3238005425
699	1258303538
700	1798504289
701	0094727005
702	3612778459
703	3689368988
704	3459580044
705	0351350166
706	3599215914
707	4187834824
708	0930177128
709	0478734895
710	0412908447
711	3269571577
712	1082934429
713	0581277622
714	3358006016
715	2635394734
716	2450652551
717	1327016623
718	3931590289
719	2405207804
720	3665102163
721	3835268057
722	2804274794
723	2402368191
724	0026112640
725	1505280415
726	2272878414
727	3164515425
728	0656478675
729	1908663649
730	2233389482
731	1757159204
732	4281430328
733	3531563806
734	3901768287
735	2789337590
736	2390787800
737	3959421070
738	2908432198
739	1641496356
740	2124960318
741	3982405781
742	3152973688
743	3011390656
744	0443948445
745	3644950068
746	0070619170
747	4108665528
748	2593900362
749	1979222678
750	4120653225
751	2188351056
752	1529768782
753	2946156800
754	2459199012
755	2939071993
756	1283777019
757	2498791929
758	0077984694
759	1023243272
760	1799423403
761	0937725835
762	0114132961
763	2017279866
764	2973872511
765	1172879323
766	3188266140
767	2558072167
768	0800257363
769	0839766629
770	2034114272
771	0932054750
772	0047378748
773	0722462300
774	2033279543
775	2096905790
776	4149605007
777	0905749067
778	2890389151
779	0434558996
780	3711620370
781	0115837880
782	1996777587
783	2285388290
784	3077191229
785	2333124346
786	2397813231
787	2058698539
788	0022917528
789	0247459867
790	0084316929
791	0507632779
792	3011365545
793	2496202447
794	2211766373
795	2904178935
796	1835861706
797	3946383534
798	3582831912
799	1644037736
800	3987594745
801	2227278331
802	3721271883
803	3120567086
804	2905335787
805	3194781122
806	0723943506
807	1733146793
808	3663892174
809	2321363680
810	3898926989
811	4119744834
812	0406540732
813	0768209399
814	1426789203
815	2051850071
816	2672610168
817	2798732326
818	3044950992
819	2836837643
820	1400765187
821	4085099783
822	1528153264
823	0448989241
824	3091247111
825	0252117276
826	0683168104
827	0739151349
828	0642815483
829	0763574206
830	2482359764
831	0805608733
832	4043276024
833	3510766854
834	0160688274
835	3223515009
836	0742709332
837	3524560677
838	1435094731
839	1857139740
840	0617161783
841	3958752819
842	0903128669
843	3622726303
844	1443802533
845	2770617960
846	0812032614
847	2588899090
848	0728201321
849	1564771030
850	1332318285
851	1671718081
852	1876434103
853	0145227481
854	1831051276
855	0646210148
856	3475707468
857	1590654411
858	4258399620
859	2513269122
860	1754292501
861	0820707648
862	2483425888
863	2345104945
864	1985202112
865	2717206189
866	0295312357
867	0452361432
868	2751968080
869	0148132787
870	2721528283
871	1123611894
872	0367259658
873	2608101383
874	2213553778
875	1060733900
876	0484098302
877	3273660129
878	4120752600
879	1447963807
880	0039954793
881	3959191414
882	3876324247
883	3976182422
884	2037070044
885	3215325710
886	1192214252
887	2918916393
888	2423057744
889	0393052701
890	3666926417
891	1082264036
892	1565153145
893	2239770998
894	3965424717
895	2016839896
896	3303263220
897	4275911599
898	0919792123
899	4234727695
900	0084579346
901	3763201660
902	2214733551
903	0851597864
904	3381604342
905	0674637196
906	2040198741
907	0440420804
908	1559097955
909	2647445154
910	3964681373
911	3420317316
912	3948073203
913	0306177767
914	3206617875
915	3108393989
916	3677297306
917	1535427356
918	0224649227
919	3906371262
920	3897693609
921	0836774617
922	1049530464
923	1594274244
924	3044319754
925	4038697441
926	2281088573
927	0702067238
928	1264141766
929	2958063950
930	0831188706
931	1997496108
932	4146934721
933	2049792523
934	1409870713
935	4028638105
936	2218158180
937	3377504946
938	2322663236
939	1017621201
940	1044371862
941	0953722806
942	4072786307
943	2796934578
944	2250530044
945	3691041883
946	2482038594
947	0132784375
948	1332738623
949	3607231659
950	2775907954
951	2857453414
952	1290491086
953	1911119731
954	3294247618
955	2110660676
956	3669220398
957	1749494436
958	2056121371
959	0242258414
960	1634494981
961	2347242434
962	0175101252
963	0355875050
964	0392768106
965	1467944781
966	3648608368
967	2401928502
968	0990298749
969	2762368874
970	2159774827
971	0046231497
972	1515009210
973	3523157197
974	2597369190
975	2763197568
976	1758781455
977	3075055630
978	3991951178
979	2932302222
980	3210594028
981	2216061510
982	2036306553
983	3069410806
984	2040281083
985	2994578730
986	0218607791
987	1592208531
988	0176055568
989	1524751113
990	0232564370
991	2864206651
992	1503552298
993	3894648084
994	3772435131
995	2680026138
996	4287398180
997	4220464238
998	1903710708
999	2191129655
