000	0000000001
001	1489601207
002	1825104057
003	1073859899
004	1704532463
005	3764999621
006	2266464201
007	2027253744
008	2700536054
009	1648027817
010	0279431111
011	4182510458
012	3215500559
013	3245978045
014	3560310845
015	0338670515
016	2504506370
017	0902076775
018	0513280372
019	1214881230
020	2166127697
021	4239666640
022	1995779283
023	0929338046
024	1652456752
025	0051648513
026	1273580874
027	4226256728
028	3295252250
029	2461904163
030	3699134537
031	2205345070
032	2251386331
033	0250040280
034	2100157248
035	2322852883
036	1684343939
037	3270988406
038	1863659477
039	4077209108
040	2432277972
041	3437999417
042	1945032389
043	0715207766
044	3211230589
045	2085064415
046	0285422329
047	1597022556
048	4106168860
049	3695536448
050	3244367136
051	2084697079
052	3987453100
053	3928856208
054	1674288125
055	1660067113
056	1717961676
057	2938244196
058	0648233416
059	2186818284
060	1860704697
061	2980258286
062	4041323564
063	0287087820
064	3604429332
065	1297985123
066	1310727651
067	0597216255
068	2911809267
069	0076801271
070	2522445638
071	1876130775
072	1193225277
073	1290027804
074	1975611493
075	1440184321
076	3553393603
077	2918106135
078	0301263781
079	0960194743
080	3369509699
081	1681143804
082	1004670828
083	2481788627
084	0627322251
085	1995176269
086	4051923176
087	3668522918
088	1732817405
089	2207791152
090	2757547095
091	3832789334
092	2033396854
093	2813841160
094	2832391918
095	2804329827
096	1740097204
097	0102004565
098	1153064623
099	0959828524
100	0214744121
101	3539150093
102	2816084154
103	2228243556
104	4242521935
105	1766987702
106	1083729585
107	3908641880
108	0141994419
109	3475936146
110	3725178629
111	3572137793
112	2576858551
113	0848694021
114	0368471898
115	0131062584
116	2297218536
117	2262175691
118	2892052979
119	0985516100
120	1525500068
121	2410859475
122	2689305184
123	3908778903
124	3351633526
125	0347398661
126	1646443739
127	0975713348
128	1938368811
129	3390333112
130	1953686776
131	3633185902
132	4107972658
133	0075816076
134	1282433926
135	2608115151
136	1462407616
137	3831499194
138	3289745531
139	3613984377
140	0330187388
141	0769552898
142	2216470239
143	2379021373
144	2898490155
145	3681570681
146	1073442395
147	3846135336
148	3178785682
149	3095629763
150	3796449806
151	0987863850
152	1660579624
153	2955732846
154	1111647262
155	2164404099
156	2694184868
157	0210005199
158	3351255117
159	1867918256
160	2757970184
161	1290969395
162	3485377974
163	3745928643
164	4037870842
165	3786066863
166	0895494581
167	4183845286
168	3034512651
169	1633292280
170	3482873406
171	1943802521
172	3078456108
173	3543948870
174	4284964210
175	2895528834
176	1201741445
177	2822752745
178	4268966563
179	3760632806
180	2075014101
181	3567550389
182	3669899758
183	1794540853
184	0948237448
185	3524155141
186	2156313251
187	2043483342
188	4121644955
189	3622956053
190	0898774750
191	3504903982
192	4056994714
193	0533350822
194	2492385068
195	0144196294
196	3624767602
197	1652716186
198	3860277679
199	3793372341
200	4200593456
201	0416042459
202	1741175927
203	1035468265
204	0885601612
205	0129737129
206	0985135296
207	2224857783
208	1463417458
209	0500128616
210	2305121092
211	1098504422
212	3613080012
213	3514381120
214	1464736338
215	3347042248
216	2494008770
217	0315492717
218	0413929960
219	2027006745
220	4164288071
221	0755313536
222	1401490251
223	0297519129
224	2803878638
225	1773093868
226	2207773918
227	1328343584
228	2283028418
229	0179308682
230	3792384739
231	3374746242
232	3834166590
233	0912903909
234	4176894917
235	0374393080
236	0529378820
237	2368983231
238	1419694437
239	3457157014
240	2034345854
241	1552740870
242	0489695334
243	0002096202
244	3298560158
245	1302387472
246	3222848221
247	0760433216
248	3245920725
249	0202818315
250	1698701556
251	0385494975
252	0715920891
253	0637969353
254	3942032683
255	0165252357
256	0313989705
257	1085820215
258	0759407378
259	0486723164
260	2674634949
261	0657385652
262	2283706402
263	3412116791
264	0527696994
265	3546862981
266	0828213092
267	0614715997
268	1926787106
269	1412091149
270	3732011651
271	1789077128
272	1684890242
273	0015833695
274	2666588192
275	1072975220
276	2673647305
277	0163353192
278	0030931767
279	2411813428
280	2700783889
281	1168377771
282	2569664295
283	1238138657
284	3638791935
285	1246190081
286	0452565693
287	3451120792
288	1730282654
289	1124822207
290	1505799401
291	3072473589
292	1265959771
293	0752168625
294	2471091703
295	3757019804
296	2786978427
297	1431051415
298	1059932515
299	1805481641
300	1127216119
301	2802698807
302	0627924669
303	0668049204
304	3635442846
305	3848200028
306	2651415143
307	3038265010
308	3259566620
309	3591644694
310	2798666545
311	0677812028
312	0540297243
313	3946881874
314	3335775122
315	4155935617
316	2831247072
317	1500125611
318	0164495733
319	0335670726
320	0389156924
321	0018276342
322	3898601270
323	2590917034
324	3345902924
325	1173826697
326	3020518805
327	3882375726
328	2318610488
329	3717260113
330	2538348208
331	3136551155
332	0105693851
333	2700793753
334	3359025905
335	1501386810
336	1061699223
337	2098016518
338	0567335299
339	0210827420
340	0377422317
341	1441437547
342	1648883350
343	0282202194
344	3951834930
345	2778573739
346	2448036908
347	1011055768
348	1736146156
349	4041356870
350	2776605650
351	2154474740
352	1893778205
353	0035131526
354	2523169804
355	2785182264
356	1138479708
357	1410291990
358	1477957741
359	1552679375
360	3168195578
361	0097373929
362	3484168118
363	3062431942
364	3725550513
365	2938845901
366	0365201301
367	0182454282
368	1715967992
369	4268456413
370	0810554945
371	3212568970
372	0541169295
373	0305697118
374	2372729526
375	1662742460
376	1167201649
377	3663823414
378	4087523539
379	0301610293
380	0320079457
381	3211722798
382	0040504771
383	4199846756
384	3143888717
385	0374104198
386	1272349392
387	3220393923
388	0887908600
389	4131326886
390	2358553972
391	3375649909
392	2770527771
393	2661781077
394	0454045446
395	1552278115
396	3877198175
397	3839587446
398	2298737248
399	0585646131
400	2061522596
401	2070741156
402	4017365443
403	2283527317
404	1180644591
405	3275599669
406	3321305260
407	1399807925
408	3539706995
409	0778474642
410	2414230779
411	3832078992
412	0773676169
413	3424379361
414	0142931261
415	3298469395
416	1905706286
417	3150536633
418	1311655633
419	3138382775
420	4133832003
421	2852409209
422	0996885185
423	0331173217
424	2795274429
425	1624757384
426	3125164828
427	2048634365
428	3461913055
429	4266772352
430	1481209162
431	0503426203
432	3253987015
433	4076043096
434	2692452911
435	0207437551
436	0298874736
437	2944551362
438	0781371762
439	1462110633
440	0132454252
441	0350117219
442	0812913445
443	1957352048
444	4110070625
445	1396782927
446	2478895001
447	2744879986
448	0961804438
449	2050085804
450	1610235891
451	3943745598
452	2409313083
453	3476048574
454	1001818731
455	1841731222
456	1644194746
457	3898977314
458	2340724189
459	2149498783
460	2715060197
461	2647187830
462	2979477067
463	4021822523
464	1038309326
465	2698267490
466	3996116335
467	1359152713
468	3536164889
469	0333875662
470	1671186104
471	0486299407
472	0151296930
473	0915735305
474	0060661629
475	2736941029
476	4112505394
477	1624168528
478	1806541988
479	1872021264
480	0969862179
481	1185545246
482	1112577563
483	0281197967
484	2792845167
485	2254505892
486	1948775504
487	0769598365
488	2712242774
489	2563500092
490	2466755829
491	2089123015
492	1312945364
493	1659246744
494	3370267745
495	3161512680
496	2510753404
497	0145114334
498	1161635803
499	0057712411
500	4110483277
501	0536522383
502	4100448657
503	0194079530
504	1777841574
505	3830529365
506	0345378626
507	2254470967
508	0386547608
509	3283801341
510	0208865273
511	2916151845
512	1648209909
513	0804368271
514	2880844384
515	3147554191
516	3008224809
517	1238943397
518	1781665496
519	2317809504
520	1102462123
521	0516925892
522	3939203524
523	2171674999
524	3131425422
525	2725434296
526	3101865055
527	2755223853
528	3486770961
529	3554437329
530	3493303516
531	2177186647
532	2227183506
533	1715260207
534	3208767025
535	2202220441
536	0612112599
537	0973842280
538	3122432053
539	4155331076
540	2588078100
541	2408732777
542	3452519256
543	0314717299
544	2597709348
545	3569801852
546	4171473334
547	1189927868
548	3905901037
549	0715363631
550	3436035237
551	2783162853
552	4116669002
553	3778839342
554	2236027577
555	3709666721
556	1919343699
557	3618931107
558	2238803208
559	3668198450
560	0620869811
561	4207407867
562	1342554481
563	0696682178
564	1296723583
565	0148535651
566	0689282027
567	2709533156
568	0567505543
569	2104509705
570	3108838489
571	1144126664
572	2957826952
573	2034455731
574	3397375399
575	0490166026
576	1581204214
577	0724286826
578	1094829441
579	3252343983
580	2096763507
581	2151399794
582	1828826463
583	3616286377
584	2530791387
585	0002178958
586	1812154167
587	1667659336
588	3446922291
589	0142227664
590	0020911032
591	3102859917
592	3055119281
593	0492133918
594	3047542802
595	1367295851
596	2423510967
597	2932372867
598	0047792297
599	1158787401
600	3050772458
601	1635649830
602	1861802081
603	3816898299
604	3145821327
605	4070209302
606	0602780114
607	1111225152
608	2957533794
609	1290998239
610	0891519739
611	3894188878
612	3025920196
613	1384431516
614	2296014554
615	2521706760
616	3075044392
617	2522713298
618	1682556287
619	0051079245
620	2807430382
621	3907255944
622	1430287842
623	1948870982
624	1149040620
625	1180810068
626	4258154854
627	0743411197
628	0786263638
629	4001225207
630	3311701406
631	3398958192
632	3640523201
633	3838638946
634	1063541386
635	0357440113
636	1292587994
637	2757082245
638	0323036844
639	0306693585
640	1142304461
641	4240786593
642	4187720355
643	1166197697
644	0179982949
645	0950929004
646	1196486591
647	3155130008
648	1155939510
649	0453899297
650	2255252292
651	0245619190
652	0237860787
653	1456093447
654	0781421370
655	2177426490
656	2182574337
657	2156138216
658	1455563165
659	4000695516
660	2868127645
661	3363742929
662	0338527145
663	0906593913
664	3988904884
665	2251012430
666	1346850084
667	4047791197
668	3288568682
669	1649906913
670	4071665943
671	0056946982
672	3953419794
673	0137491148
674	1864852311
675	2194606741
676	4015824654
677	1027135076
678	2602226033
679	0722160387
680	2253759782
681	1462428070
682	2765164848
683	4230666446
684	0605189633
685	3450097767
686	3675320709
687	1901976927
688	0861616283
689	3276586650
690	1727519634
691	2006967286
692	4293518850
693	0034951164
694	1957925012
695	1342729378
696	1310411226
697	0133693431
698	1304214830
699	1387351547
700	3185158624
701	0232794072
702	3083568976
703	2216393189
704	3683933990
705	2965812583
706	0317762036
707	1211197660
708	1127379278
709	2288848105
710	2686047947
711	2384862647
712	0145754626
713	2310722492
714	3176866945
715	1933656979
716	2726116494
717	4071731503
718	3665737603
719	3904708950
720	2177724541
721	4273222034
722	4150256397
723	1203419488
724	1437111760
725	3949460075
726	0705876977
727	0749696172
728	0549267430
729	1628241146
730	4170850994
731	2359741402
732	0249730514
733	1026946604
734	2002214297
735	2627046547
736	1191750384
737	0995013560
738	3103694430
739	3360544457
740	3359251078
741	0403472132
742	1463553414
743	1966466175
744	3079515672
745	0057747534
746	1619193342
747	1239154968
748	0323213938
749	0604412470
750	1431050872
751	0508608151
752	2017127861
753	0341716801
754	2326247529
755	1449113935
756	3640957077
757	2682280371
758	0746572098
759	3913629094
760	0680807377
761	0619838636
762	1004429731
763	3524990266
764	3503252441
765	0786561223
766	2488877791
767	2437548365
768	4029167757
769	1808021044
770	3884796089
771	0571118828
772	2773922361
773	0631851492
774	3190669647
775	3737258725
776	3928254238
777	1490295466
778	0336370014
779	4228159298
780	1989668309
781	2433023493
782	1644334406
783	2436148596
784	1653410024
785	0027065931
786	2641461503
787	1749580731
788	4006784989
789	0304153072
790	0036439589
791	1122143839
792	2107890013
793	0208486136
794	1862550793
795	0345359829
796	1209716915
797	4049114246
798	0398108221
799	0374987409
800	3044226229
801	1632151144
802	2094684494
803	2011466270
804	0897724791
805	0166309894
806	1518068156
807	4208894780
808	0607771946
809	3797360234
810	0511206000
811	0384253024
812	3150629764
813	2502952037
814	3586903587
815	3063007630
816	2663357107
817	1777919152
818	0661429019
819	4294822246
820	0940183434
821	3577989285
822	1105761044
823	0980819287
824	1856779474
825	3525758807
826	2968684437
827	1310896021
828	1372929187
829	3539132621
830	2948093038
831	1019044014
832	2411866609
833	4238706541
834	1927513307
835	1127127823
836	3970658537
837	3956768856
838	1123146213
839	0319702468
840	0725774706
841	0961779193
842	1678900519
843	2000463422
844	3410595308
845	1065992337
846	4293925378
847	2642805921
848	2661837904
849	4063652148
850	0905514642
851	1674609489
852	1990186832
853	3021762162
854	2518732693
855	3230434459
856	2951015994
857	2484671092
858	4126905290
859	3934446973
860	3640117741
861	0985795466
862	1652549893
863	1380871939
864	3489726774
865	0477896457
866	1055785172
867	1883442348
868	2309103808
869	2430799945
870	0271133279
871	0585019258
872	3306711869
873	2821774427
874	2770767652
875	0906964131
876	2481423498
877	2553755979
878	0559573197
879	1077969627
880	2472077593
881	2211731805
882	1768257616
883	3541319419
884	2858766199
885	3039174684
886	3751563596
887	1969357652
888	3685736052
889	2210597097
890	0802286506
891	3174536165
892	2618173902
893	1942481344
894	0817365667
895	3253106940
896	0703405279
897	2801412306
898	1063833573
899	4165221514
900	0775998039
901	0346270236
902	3933516476
903	1123781130
904	4237221703
905	1889238965
906	2992023465
907	1740981595
908	2910164134
909	1465888512
910	3965981610
911	2313507980
912	0587473866
913	1594863580
914	1507967615
915	1565072965
916	1245401857
917	1323178565
918	0704113622
919	4215067650
920	2472914133
921	3388215205
922	2321061760
923	2555685573
924	0199403475
925	3618838586
926	1597023343
927	2995641304
928	1318310039
929	1844725479
930	1092558756
931	2697251299
932	2765806421
933	1551465473
934	3024658770
935	1137187653
936	1889162238
937	2093967150
938	1475848720
939	3070904078
940	3914857900
941	3215440822
942	2014680503
943	1536668085
944	0733561980
945	2049919486
946	3115180264
947	1757570532
948	2266832088
949	1586430531
950	2833530838
951	3880802418
952	1494333751
953	0762507109
954	2800631998
955	2434224657
956	3378141001
957	1970575255
958	3728659583
959	4282678486
960	1652034134
961	2299589221
962	2958573992
963	2561798173
964	3150252231
965	2705601803
966	0753193500
967	0856123698
968	4159436421
969	3209383605
970	3294298226
971	3698053749
972	1604033306
973	3549824887
974	0902184272
975	2260548241
976	2275448198
977	3847454265
978	3591542831
979	3421988403
980	3371472354
981	3524599807
982	2194476638
983	2146063327
984	1207946300
985	0422208185
986	3746690875
987	1098756983
988	2553398116
989	2668831819
990	2700956550
991	0041739195
992	2605482427
993	0209766921
994	1292754877
995	1741230308
996	4244699635
997	3342321117
998	0718668779
999	1194918892
