000	0000032769
001	3974477120
002	3774364939
003	1860283250
004	2706976418
005	0626369653
006	2707208029
007	2773759764
008	3413454900
009	1299824639
010	3379604759
011	3481018718
012	1493505982
013	1594399345
014	3674310873
015	3742171280
016	2033980928
017	2100403915
018	4181232675
019	4281598058
020	1507677850
021	1573969501
022	3654929525
023	3721481276
024	0871646092
025	0939019220
026	2985677885
027	0905469556
028	2743394315
029	2810800580
030	2743204205
031	0663255588
032	2343366935
033	0228622300
034	0195879733
035	0262171260
036	0014476139
037	2361424284
038	0147710645
039	2395235836
040	1625417823
041	3840762772
042	3806461821
043	3874321972
044	4036020827
045	4103947156
046	4036350781
047	1956401636
048	1387021348
049	1555126494
050	1488830759
051	1555350001
052	1917650294
053	1984169136
054	4065171337
055	1984011331
056	2456882896
057	0343736346
058	0275880419
059	2524552749
060	0000075778
061	0101199052
062	2147597173
063	2215424959
064	0574366908
065	2788435830
066	2721627791
067	0640728137
068	3784944110
069	1704045112
070	3784849809
071	3885282760
072	0060927322
073	2276044432
074	2208349942
075	0128499000
076	0432377894
077	2680791016
078	0465929426
079	2647491096
080	0837648442
081	0937723120
082	2985071502
083	3186983800
084	0285853950
085	2533477944
086	2467092098
087	0352377160
088	4080322266
089	2000211216
090	4080066406
091	2000215208
092	3914658726
093	1868103160
094	1766877265
095	1733162154
096	1098442936
097	3346360045
098	1265200227
099	1298196644
100	2624525118
101	2556859385
102	0510559571
103	2590117528
104	2119636762
105	2019269463
106	2086044513
107	2019232430
108	3828818080
109	3795822061
110	1814536935
111	1747593772
112	3322555614
113	1107537563
114	3458180373
115	1209476034
116	3840893124
117	3806489618
118	3976192409
119	1794598482
120	2395403343
121	2328785922
122	2228484101
123	0014383818
124	0515299013
125	2595970440
126	0379838083
127	2427148616
128	3030108637
129	0981882792
130	3063862567
131	0848713440
132	4147793877
133	4046897792
134	4247733003
135	4213362624
136	2635550925
137	2568738944
138	0386356887
139	2467288520
140	2405629142
141	2205871530
142	2372362673
143	2339333605
144	2908745888
145	0727119844
146	2806676859
147	2705553853
148	0263896760
149	2344072444
150	0095107943
151	2175152427
152	1704176486
153	1671407146
154	4018351421
155	3952026737
156	4294155740
157	2046466960
158	2011373451
159	1944788943
160	1573884842
161	3687224574
162	1473912561
163	1406637606
164	1588238946
165	1387432726
166	3702490130
167	1520861790
168	0914849826
169	2961870446
170	3197600376
171	0949912884
172	2934160264
173	2867835588
174	0653701208
175	0686728236
176	2363211304
177	2329131628
178	2261498736
179	2194125348
180	0640606464
181	2686709316
182	2889868880
183	0707979292
184	3323194224
185	1075506348
186	1275553195
187	1109129430
188	3698515530
189	1484674457
190	3732357877
191	1517996208
192	4133470916
193	4032251521
194	2118797709
195	4165453512
196	0939215836
197	3019358479
198	3186607195
199	3152234518
200	1472416122
201	1372245429
202	1439093761
203	1372216652
204	3317130976
205	1136388387
206	3317102415
207	1103066394
208	3851315166
209	1636003210
210	1737226663
211	1771269330
212	1333702777
213	1232549050
214	3447369439
215	1266098578
216	0660054527
217	2740921136
218	0626179221
219	2740665048
220	0891782371
221	3107659536
222	1060536445
223	0993659192
224	0387680719
225	0320208920
226	0387618869
227	0320213104
228	3238752967
229	1191376134
230	0589002371
231	2634211774
232	0691534690
233	3208641724
234	4280778145
235	3005904291
236	0424919168
237	2807029346
238	2940355847
239	4217265331
240	1266406668
241	3613640618
242	1567314831
243	1935824461
244	3818624590
245	3716582316
246	2542409537
247	2207715071
248	2981595144
249	3987642662
250	2812743435
251	2846755737
252	2178134200
253	1573824778
254	0735258263
255	3990792386
256	3320756764
257	0300069322
258	2885663936
259	0837200042
260	4098767808
261	1213672370
262	3494584878
263	3728942448
264	4135010038
265	0678373400
266	1383476242
267	0679157912
268	3121742938
269	3255506416
270	1477843238
271	3592099168
272	0876484830
273	1780878904
274	1345978402
275	1210522442
276	2362130800
277	0180768034
278	3234583135
279	0516382096
280	0820468718
281	0754895135
282	0686213645
283	0586042838
284	4236403212
285	1586226695
286	2458320825
287	2258529486
288	0548106264
289	1488447777
290	0381681603
291	0884174856
292	3218825642
293	2479291291
294	0400554589
295	1137141922
296	1743941868
297	3153062797
298	3220431773
299	2550033302
300	1065769204
301	2174635846
302	0529715641
303	0060445438
304	2511062455
305	2443331254
306	3786333533
307	0060969478
308	1901039221
309	0122818628
310	2606664499
311	0256318028
312	2439487413
313	4252962564
314	1098293175
315	3480949540
316	2199106429
317	0990585796
318	0654553339
319	0857350540
320	2940119221
321	0691152822
322	3005915437
323	3812046982
324	0681289268
325	3330519636
326	2661234715
327	1082271275
328	3769020234
329	4240359402
330	1990340897
331	0582689235
332	4040593298
333	1356827866
334	1121393389
335	2060323157
336	1525648052
337	1727436884
338	3640329527
339	2734098623
340	0236968022
341	2685918598
342	4061873017
343	3993129177
344	3458717882
345	1916453578
346	1042498185
347	1949025602
348	0910617362
349	1583348138
350	4232511410
351	1951333930
352	1618931426
353	3967018210
354	2154753392
355	3798395320
356	0560733756
357	2237996606
358	4016570438
359	2272268478
360	0490734846
361	3310950166
362	1867844398
363	2875001790
364	2838504894
365	3308857006
366	1730489318
367	1831612028
368	2602383652
369	0521155188
370	0555263111
371	2601591646
372	2885185854
373	1173419825
374	1542058033
375	1106603480
376	0802515040
377	2950226857
378	1506932169
379	3352062824
380	0195381922
381	3483943669
382	0430036293
383	0699942844
384	2978567676
385	2643840975
386	3884565271
387	1570070398
388	0104713182
389	2721071745
390	3190309123
391	0103928378
392	2752830938
393	3121135658
394	0503403035
395	3356286090
396	3195101245
397	2255354386
398	1851876075
399	2892555634
400	1851356067
401	0406906512
402	1883862121
403	2153049234
404	0145566805
405	2527109210
406	0850147387
407	2930877082
408	3934599489
409	0815640122
410	0378614491
411	2257167010
412	1895046933
413	1257081272
414	3371238705
415	2331871656
416	2429394104
417	2026931410
418	3737979715
419	3973324773
420	4054356522
421	2679145684
422	2376928077
423	1269042317
424	2442170958
425	2443025220
426	3113287727
427	3414759233
428	0199540574
429	0267172952
430	0702620393
431	1106850131
432	1573495640
433	4056263050
434	1472739067
435	0802170189
436	0289208816
437	1563753086
438	0187465455
439	1395713814
440	0419822212
441	2434327102
442	0151383032
443	0185132918
444	2138166800
445	1332596094
446	0997510910
447	1231672068
448	3478701838
449	1800455950
450	4284275816
451	2034551366
452	2632536680
453	1021598526
454	2397586516
455	3639892982
456	3502260596
457	0482951206
458	1019500736
459	0919362780
460	1622172410
461	1520989508
462	2090918309
463	1354330374
464	2961991940
465	2659577481
466	2526932231
467	3767888600
468	1887254974
469	1113893897
470	1315485563
471	3261084904
472	1716594272
473	0006138741
474	0240170651
475	2957583100
476	0572853746
477	4063071535
478	1915848229
479	3661169790
480	0806165436
481	1678869009
482	4231201889
483	3454534083
484	0440513667
485	4091887916
486	0209542829
487	3545157898
488	1196505914
489	0415039671
490	2024950160
491	1756028271
492	3843117283
493	0274529969
494	2165269173
495	3555370940
496	3566250796
497	1464375859
498	2784171435
499	4000904358
500	0700710825
501	2879094177
502	1871570991
503	1109591056
504	1798238992
505	2935771411
506	3958086462
507	2119660593
508	1450052034
509	0716939839
510	2373786028
511	3049173224
512	4095809688
513	0415788136
514	3412745125
515	2770995776
516	2297734535
517	2493838474
518	3483779717
519	2324664447
520	3361757486
521	1413348371
522	3135912138
523	1503786966
524	3848990722
525	1965704403
526	1357707968
527	0456671724
528	3466097944
529	3162611367
530	3604257069
531	2279246083
532	0739955270
533	2921514234
534	3336460243
535	0016029873
536	2039971225
537	0696877959
538	2826850988
539	2371792535
540	1644863193
541	1279091982
542	0395667788
543	2307417202
544	2552278807
545	3293424261
546	4116505784
547	2554836506
548	1528000826
549	0128080354
550	4123775343
551	2571363099
552	1144756499
553	0757782254
554	1421825384
555	1084739118
556	3610712489
557	1459078484
558	3484382300
559	1763528973
560	4223188956
561	0650690126
562	1392316592
563	0526639791
564	1698139079
565	2720561487
566	2787756421
567	2167891316
568	1922829434
569	2822046213
570	0917692205
571	3659450814
572	1871369598
573	0952830943
574	3149478011
575	2331874463
576	2424954034
577	2036771538
578	4051881623
579	0460290931
580	1050012671
581	2439925296
582	3364049244
583	1468056033
584	2844672366
585	2669293389
586	0092649031
587	3967380635
588	0448182822
589	0347554872
590	2136795543
591	3832128388
592	0664410932
593	0012521705
594	3944826935
595	1399870686
596	3775709956
597	0043276817
598	1300903242
599	3387752434
600	2382813689
601	1986193694
602	1295682479
603	3042751787
604	0128163779
605	1366056778
606	1503579427
607	0589523827
608	1239529609
609	1273488450
610	3918280241
611	2540357872
612	1249175092
613	4008693226
614	2897585225
615	2737107987
616	2049784852
617	3994304312
618	1582239823
619	2777297445
620	1872416806
621	0273608634
622	3914319703
623	1793810503
624	1266063109
625	1848839340
626	4276302121
627	2682161549
628	1185050951
629	0523450355
630	2462666598
631	2935986683
632	2557011509
633	4278162880
634	1037916232
635	1198871439
636	1835797379
637	0475645382
638	3188565086
639	1436043714
640	2222039011
641	0179219397
642	2242596284
643	3102236129
644	4267753574
645	3823343888
646	2146348380
647	1215589444
648	2720723345
649	2049668718
650	1044301106
651	0501713738
652	2598512349
653	3261001964
654	0792687781
655	2216305596
656	4060543163
657	0477206878
658	1250793433
659	0106513783
660	1250118907
661	3128221739
662	0686720285
663	2196264967
664	3535669263
665	2338282372
666	4071009448
667	2739344607
668	1288126915
669	1265394069
670	4242059612
671	2394372703
672	1817501038
673	2180610029
674	2338952078
675	1269148931
676	2824522827
677	2753311035
678	0303767275
679	2537050289
680	2183421751
681	4080822531
682	0558783936
683	0778735309
684	1950121635
685	3502358197
686	2853160204
687	1122335227
688	4040447510
689	2652919524
690	0050793312
691	0720517199
692	2608393591
693	0706427262
694	2472535241
695	1915744427
696	1259838097
697	3212400377
698	3373636273
699	3674808370
700	0142569313
701	2771447645
702	2618956763
703	3898821020
704	1588921484
705	2523147670
706	0222476586
707	3642314184
708	0502363240
709	3872161327
710	2692808607
711	2150115321
712	1653391517
713	1920829366
714	3551140608
715	3880843950
716	1758231943
717	0358366895
718	3419590289
719	3305741052
720	1257538899
721	2791051225
722	1442693738
723	0230534847
724	0983003776
725	2885240223
726	1073044302
727	3856284769
728	1068011987
729	0167998817
730	1682425258
731	4171304740
732	3719914808
733	4092552990
734	1251001951
735	1585773046
736	1321304792
737	2183330958
738	1053501254
739	4032442148
740	3434104382
741	0906375317
742	3770391416
743	0845819072
744	0024811933
745	0328242740
746	3605823522
747	3430176440
748	4217094986
749	0633113238
750	1872279977
751	3685127760
752	2050649934
753	1323223296
754	0714438180
755	1684683257
756	0885356027
757	3466862073
758	1718477750
759	2523230216
760	1674613163
761	1704987531
762	1310463969
763	2058431354
764	3817350527
765	0229651419
766	0914428060
767	0182486375
768	3303765331
769	1356087909
770	1747128032
771	0881722078
772	1905976636
773	3638485596
774	3518100023
775	4277152318
776	0260929167
777	1974216267
778	3348058783
779	3802847252
780	0645125394
781	1597153208
782	3439458419
783	0943211010
784	3059982909
785	3545281274
786	1294347759
787	2017045291
788	1501935000
789	3882251291
790	1313805057
791	4136392843
792	1269325481
793	2487845583
794	2039771237
795	0067883255
796	4293722826
797	4054588590
798	2403973416
799	2062488168
800	2675001849
801	1175979515
802	3569524299
803	0941098798
804	1156281323
805	2524020162
806	4167532626
807	0931212457
808	0187075278
809	2564039392
810	0171271053
811	1585926466
812	2879604156
813	1560306167
814	3699610451
815	2718973783
816	4145667960
817	0205542438
818	2256487376
819	1917792523
820	3114367747
821	3014143239
822	0868603056
823	2438437945
824	3759747079
825	0243729692
826	0446711144
827	1700404725
828	1711866363
829	3154846654
830	3811691988
831	2051545373
832	3547491064
833	1380388102
834	2017912978
835	0595029889
836	1174984788
837	0440735525
838	3041741515
839	2791944220
840	3192435767
841	0321214003
842	1736778333
843	4143640223
844	0256523685
845	2671071848
846	4213617254
847	2748806930
848	0183233641
849	0520389334
850	0362878029
851	3283412161
852	3989146807
853	1668971225
854	0787719180
855	2625991268
856	1453462092
857	3847680459
858	2127693188
859	2941546882
860	1484841237
861	2708144448
862	0387908192
863	0978249265
864	0361940928
865	0459592365
866	0277318629
867	0837449944
868	4292784976
869	2865546163
870	0732610011
871	0548529398
872	2117792778
873	0829028359
874	2314221170
875	3992487884
876	2005652734
877	3510208225
878	2907026904
879	1163634847
880	3366272361
881	3421792118
882	3842802583
883	2804136598
884	1928805596
885	1467612686
886	2495785708
887	2793125161
888	4030262608
889	3349939741
890	0853367633
891	1234573796
892	2085864313
893	0361308534
894	0630394957
895	0695373016
896	3174489076
897	3998330799
898	1301773819
899	2250331407
900	3460535314
901	2592928380
902	0486716143
903	2447330856
904	1342914550
905	0723919244
906	0046364245
907	0977553860
908	1042637411
909	4120436386
910	4098668701
911	0990701188
912	0168509683
913	2080339687
914	0665688851
915	0273601541
916	1117986458
917	1002817308
918	1857184779
919	1541040830
920	3913974185
921	0871739097
922	2111209568
923	2220798404
924	4112819722
925	0947466721
926	3434558013
927	2039521830
928	1775781318
929	2320334158
930	1255079650
931	3566357292
932	2108994497
933	1117904395
934	2924314489
935	1915856793
936	2939320420
937	2433790642
938	2565867332
939	2138188497
940	3321026966
941	3801659318
942	0302270851
943	1449969074
944	3023587580
945	3024703579
946	4053854018
947	2397810935
948	2929946175
949	2815191211
950	3308842610
951	2160154470
952	4116861134
953	3279277939
954	1564883650
955	4007534660
956	0728680494
957	1942108836
958	2287495195
959	1546225134
960	1132063237
961	2480935874
962	4087862596
963	2486906090
964	2649570922
965	3304753997
966	3924117616
967	1417385270
968	1381455485
969	0262566762
970	1500387435
971	0844426185
972	3368296634
973	3396573389
974	3365512550
975	0926354560
976	0411395087
977	3851985934
978	3589821258
979	0525755790
980	1435292396
981	0922905158
982	3095791225
983	0360607222
984	1804903419
985	2025632042
986	1557013679
987	3748834451
988	0728655120
989	0539778825
990	1569498770
991	0413189947
992	1620997930
993	0871341332
994	0193879739
995	4117032986
996	0903647524
997	3758766190
998	3244311028
999	1884580919
