000	145
001	080
002	132
003	203
004	096
005	075
006	229
007	095
008	151
009	015
010	088
011	036
012	253
013	156
014	066
015	108
016	215
017	037
018	194
019	045
020	243
021	008
022	191
023	072
024	198
025	224
026	225
027	140
028	041
029	185
030	086
031	092
032	064
033	104
034	035
035	230
036	134
037	223
038	071
039	217
040	085
041	181
042	188
043	105
044	055
045	083
046	216
047	252
048	112
049	061
050	033
051	171
052	242
053	235
054	091
055	081
056	250
057	192
058	070
059	164
060	042
061	234
062	101
063	005
064	137
065	248
066	168
067	239
068	110
069	247
070	010
071	030
072	084
073	051
074	065
075	249
076	227
077	130
078	121
079	202
080	251
081	106
082	245
083	020
084	178
085	000
086	166
087	053
088	011
089	201
090	006
091	175
092	237
093	220
094	001
095	131
096	023
097	002
098	206
099	162
100	170
101	094
102	160
103	212
104	238
105	058
106	043
107	062
108	244
109	159
110	060
111	013
112	126
113	115
114	226
115	190
116	038
117	204
118	141
119	196
120	012
121	031
122	007
123	182
124	113
125	090
126	074
127	138
128	254
129	228
130	165
131	050
132	087
133	103
134	161
135	236
136	193
137	180
138	082
139	184
140	167
141	025
142	034
143	139
144	246
145	127
146	240
147	116
148	056
149	213
150	221
151	186
152	241
153	076
154	157
155	210
156	214
157	197
158	077
159	004
160	114
161	021
162	063
163	078
164	222
165	129
166	099
167	187
168	158
169	231
170	199
171	152
172	022
173	209
174	133
175	049
176	143
177	174
178	218
179	125
180	052
181	026
182	097
183	255
184	120
185	122
186	016
187	098
188	093
189	111
190	135
191	148
192	208
193	107
194	183
195	200
196	044
197	179
198	117
199	195
200	211
201	057
202	118
203	176
204	177
205	123
206	014
207	017
208	102
209	040
210	100
211	009
212	150
213	073
214	019
215	003
216	163
217	189
218	079
219	028
220	067
221	039
222	144
223	232
224	069
225	172
226	219
227	032
228	018
229	205
230	233
231	207
232	048
233	124
234	169
235	029
236	155
237	149
238	146
239	024
240	136
241	109
242	173
243	153
244	089
245	142
246	054
247	027
248	119
249	059
250	128
251	154
252	147
253	046
254	068
255	047
256	145
257	080
258	132
259	203
260	096
261	075
262	229
263	095
264	151
265	015
266	088
267	036
268	253
269	156
270	066
271	108
272	215
273	037
274	194
275	045
276	243
277	008
278	191
279	072
280	198
281	224
282	225
283	140
284	041
285	185
286	086
287	092
288	064
289	104
290	035
291	230
292	134
293	223
294	071
295	217
296	085
297	181
298	188
299	105
300	055
301	083
302	216
303	252
304	112
305	061
306	033
307	171
308	242
309	235
310	091
311	081
312	250
313	192
314	070
315	164
316	042
317	234
318	101
319	005
320	137
321	248
322	168
323	239
324	110
325	247
326	010
327	030
328	084
329	051
330	065
331	249
332	227
333	130
334	121
335	202
336	251
337	106
338	245
339	020
340	178
341	000
342	166
343	053
344	011
345	201
346	006
347	175
348	237
349	220
350	001
351	131
352	023
353	002
354	206
355	162
356	170
357	094
358	160
359	212
360	238
361	058
362	043
363	062
364	244
365	159
366	060
367	013
368	126
369	115
370	226
371	190
372	038
373	204
374	141
375	196
376	012
377	031
378	007
379	182
380	113
381	090
382	074
383	138
384	254
385	228
386	165
387	050
388	087
389	103
390	161
391	236
392	193
393	180
394	082
395	184
396	167
397	025
398	034
399	139
400	246
401	127
402	240
403	116
404	056
405	213
406	221
407	186
408	241
409	076
410	157
411	210
412	214
413	197
414	077
415	004
416	114
417	021
418	063
419	078
420	222
421	129
422	099
423	187
424	158
425	231
426	199
427	152
428	022
429	209
430	133
431	049
432	143
433	174
434	218
435	125
436	052
437	026
438	097
439	255
440	120
441	122
442	016
443	098
444	093
445	111
446	135
447	148
448	208
449	107
450	183
451	200
452	044
453	179
454	117
455	195
456	211
457	057
458	118
459	176
460	177
461	123
462	014
463	017
464	102
465	040
466	100
467	009
468	150
469	073
470	019
471	003
472	163
473	189
474	079
475	028
476	067
477	039
478	144
479	232
480	069
481	172
482	219
483	032
484	018
485	205
486	233
487	207
488	048
489	124
490	169
491	029
492	155
493	149
494	146
495	024
496	136
497	109
498	173
499	153
500	089
501	142
502	054
503	027
504	119
505	059
506	128
507	154
508	147
509	046
510	068
511	047
512	145
513	080
514	132
515	203
516	096
517	075
518	229
519	095
520	151
521	015
522	088
523	036
524	253
525	156
526	066
527	108
528	215
529	037
530	194
531	045
532	243
533	008
534	191
535	072
536	198
537	224
538	225
539	140
540	041
541	185
542	086
543	092
544	064
545	104
546	035
547	230
548	134
549	223
550	071
551	217
552	085
553	181
554	188
555	105
556	055
557	083
558	216
559	252
560	112
561	061
562	033
563	171
564	242
565	235
566	091
567	081
568	250
569	192
570	070
571	164
572	042
573	234
574	101
575	005
576	137
577	248
578	168
579	239
580	110
581	247
582	010
583	030
584	084
585	051
586	065
587	249
588	227
589	130
590	121
591	202
592	251
593	106
594	245
595	020
596	178
597	000
598	166
599	053
600	011
601	201
602	006
603	175
604	237
605	220
606	001
607	131
608	023
609	002
610	206
611	162
612	170
613	094
614	160
615	212
616	238
617	058
618	043
619	062
620	244
621	159
622	060
623	013
624	126
625	115
626	226
627	190
628	038
629	204
630	141
631	196
632	012
633	031
634	007
635	182
636	113
637	090
638	074
639	138
640	254
641	228
642	165
643	050
644	087
645	103
646	161
647	236
648	193
649	180
650	082
651	184
652	167
653	025
654	034
655	139
656	246
657	127
658	240
659	116
660	056
661	213
662	221
663	186
664	241
665	076
666	157
667	210
668	214
669	197
670	077
671	004
672	114
673	021
674	063
675	078
676	222
677	129
678	099
679	187
680	158
681	231
682	199
683	152
684	022
685	209
686	133
687	049
688	143
689	174
690	218
691	125
692	052
693	026
694	097
695	255
696	120
697	122
698	016
699	098
700	093
701	111
702	135
703	148
704	208
705	107
706	183
707	200
708	044
709	179
710	117
711	195
712	211
713	057
714	118
715	176
716	177
717	123
718	014
719	017
720	102
721	040
722	100
723	009
724	150
725	073
726	019
727	003
728	163
729	189
730	079
731	028
732	067
733	039
734	144
735	232
736	069
737	172
738	219
739	032
740	018
741	205
742	233
743	207
744	048
745	124
746	169
747	029
748	155
749	149
750	146
751	024
752	136
753	109
754	173
755	153
756	089
757	142
758	054
759	027
760	119
761	059
762	128
763	154
764	147
765	046
766	068
767	047
768	145
769	080
770	132
771	203
772	096
773	075
774	229
775	095
776	151
777	015
778	088
779	036
780	253
781	156
782	066
783	108
784	215
785	037
786	194
787	045
788	243
789	008
790	191
791	072
792	198
793	224
794	225
795	140
796	041
797	185
798	086
799	092
800	064
801	104
802	035
803	230
804	134
805	223
806	071
807	217
808	085
809	181
810	188
811	105
812	055
813	083
814	216
815	252
816	112
817	061
818	033
819	171
820	242
821	235
822	091
823	081
824	250
825	192
826	070
827	164
828	042
829	234
830	101
831	005
832	137
833	248
834	168
835	239
836	110
837	247
838	010
839	030
840	084
841	051
842	065
843	249
844	227
845	130
846	121
847	202
848	251
849	106
850	245
851	020
852	178
853	000
854	166
855	053
856	011
857	201
858	006
859	175
860	237
861	220
862	001
863	131
864	023
865	002
866	206
867	162
868	170
869	094
870	160
871	212
872	238
873	058
874	043
875	062
876	244
877	159
878	060
879	013
880	126
881	115
882	226
883	190
884	038
885	204
886	141
887	196
888	012
889	031
890	007
891	182
892	113
893	090
894	074
895	138
896	254
897	228
898	165
899	050
900	087
901	103
902	161
903	236
904	193
905	180
906	082
907	184
908	167
909	025
910	034
911	139
912	246
913	127
914	240
915	116
916	056
917	213
918	221
919	186
920	241
921	076
922	157
923	210
924	214
925	197
926	077
927	004
928	114
929	021
930	063
931	078
932	222
933	129
934	099
935	187
936	158
937	231
938	199
939	152
940	022
941	209
942	133
943	049
944	143
945	174
946	218
947	125
948	052
949	026
950	097
951	255
952	120
953	122
954	016
955	098
956	093
957	111
958	135
959	148
960	208
961	107
962	183
963	200
964	044
965	179
966	117
967	195
968	211
969	057
970	118
971	176
972	177
973	123
974	014
975	017
976	102
977	040
978	100
979	009
980	150
981	073
982	019
983	003
984	163
985	189
986	079
987	028
988	067
989	039
990	144
991	232
992	069
993	172
994	219
995	032
996	018
997	205
998	233
999	207
