000	00000000000000005760
001	00000000097769243520
002	09706862127477703552
003	09223447511460779954
004	08358291023205304566
005	15695619998649302768
006	08517900938696309774
007	16586480348202605369
008	06959129367028440372
009	16822147227405758281
010	02208691990617285780
011	03757274879831623111
012	18070102618374527723
013	16644021807621292397
014	10376479222723125895
015	01957325815343159247
016	14115744808002417360
017	11655325221035814878
018	14190397726800142743
019	13607710097757441897
020	12092650134003841787
021	16421436446954941535
022	08089595825315357567
023	02180928624033867047
024	07609642847986787623
025	13950552506899747566
026	04723789825340063701
027	01216900702082630014
028	16622214193710446126
029	14931550119030189612
030	08337034985700056249
031	10859218431371717768
032	03597908725153717244
033	06666117882288437196
034	16919655502431228543
035	03367426520752778808
036	10026879664432921456
037	07028932090463510355
038	04348645565570658979
039	00347544055001422389
040	13932831170099909517
041	10166006507154549292
042	14291489189580517540
043	01337174382060167354
044	13696155402440651983
045	14877731997369711713
046	05321373602820173667
047	12438250398232906220
048	14137324300088617737
049	15331760542668783973
050	12953499184251372490
051	18405431538784057009
052	06127643607105725770
053	12810539882706746608
054	08371323677772449847
055	07945622546564984685
056	02879190827368374051
057	05559047630178936645
058	18380762895598372168
059	16886030024206889470
060	10231181072430808496
061	09778541669016898854
062	13456329472998063215
063	13592432195848382144
064	18231418326866204379
065	09546093208253932041
066	09009855223084191779
067	03445725390661802938
068	02054090660107203472
069	05638764128507822218
070	07333356589399590409
071	14781536066716985047
072	10431778538522725998
073	02916198408135556598
074	14707298945726353926
075	10043654640087256077
076	17912534838542324979
077	12309241965796057759
078	00585089054735799290
079	12950239796330530037
080	14201927919258606944
081	08964626626982699151
082	10619165955636198316
083	13396599958518098930
084	15386745467823618685
085	10190617876553411321
086	14935823993432730358
087	17503143957074792446
088	01614854621840825314
089	03115579677077685438
090	07597984073532285567
091	06555238805867773880
092	02894997522573432390
093	13072884117682651935
094	12785558204755609227
095	13553357370698879837
096	07587225287022221790
097	11215097293325747431
098	05590972431191477697
099	14249649311838504897
100	00254186058938938826
101	00009216314921012457
102	07067183243730540436
103	18352328620840173697
104	15857624217525794231
105	15693631342830320507
106	13014287191600284229
107	08116432556260094685
108	11449258277775232701
109	04639405423490700281
110	17290638122164408874
111	14114631992311836986
112	05541587838005992922
113	07816251460020020189
114	00014128917924609006
115	06976263471861222804
116	09092829213198668164
117	09532245318743823330
118	06272613275207569686
119	10626302414981571021
120	09662454416453194051
121	15621692755596837752
122	11871576980534336620
123	18326216642827365462
124	11636444821983514767
125	15494786603089560401
126	10978678611767232067
127	10801659997575349496
128	09885638201973513972
129	08057324854917574437
130	06442401242521147937
131	18369151341019228463
132	07501829129242452692
133	12626700149373281708
134	15869898450525507924
135	09754275190259360061
136	07857684876676142506
137	13891384767361110221
138	14241873279581642192
139	16898133532153839743
140	00577651487933521824
141	01715454651184480048
142	13702286825329894987
143	06249883237297598879
144	06257570689156057330
145	15533107031613892083
146	14380199416214103082
147	13188718015893042239
148	03369998842142975293
149	14471080113699751868
150	00526915534331417016
151	17988407947485445108
152	07350498822711085642
153	16559046030394562994
154	15005021626188879892
155	05040432925035392774
156	03515765243278937333
157	02412029671488748212
158	06738074642789781005
159	03259984202364025563
160	05409234355966101685
161	01178956271202479046
162	00435632954343705551
163	09477598987248707213
164	10777037378874456765
165	13363488028921681487
166	08660581080471762865
167	10015495584824386260
168	02237530744242430978
169	11113602987305699368
170	06145493529972638493
171	10360151984035510463
172	01810820157871809297
173	17674107302677628967
174	15118529325013765588
175	11285605571725553915
176	13871246857510383342
177	15604564548652665111
178	08251628551947194759
179	16750535271913172482
180	06404507031119942910
181	11008121441619544245
182	18114939027894340117
183	06173444957788082533
184	11986466314759084149
185	14634121394138136219
186	11738668530134191732
187	07157841595214236334
188	14576246469346652228
189	04495206304207578088
190	16936180187614110794
191	11974211670553722242
192	10860359714526768547
193	06770623956206016053
194	16845134683104046794
195	16387050298582997196
196	10575691381690146541
197	01210273148967691559
198	07712461956406490560
199	08155538817938398689
200	04338961403360029114
201	11305734761130977035
202	01108293107614850693
203	10697737972945094242
204	16471379134621778328
205	17350013489082071124
206	01324470593751863022
207	14704746891609942626
208	10552146713566437918
209	03350115512461491566
210	14569438055523224776
211	09590368516109857377
212	05457749721447040983
213	11588661523298536732
214	16661481195372001199
215	09914284066168835750
216	17649776762392269661
217	02203492784781419380
218	04942560321785484881
219	04926392397986914138
220	00951602457914762696
221	10374457749678667499
222	05166413517057771414
223	14556032689001736666
224	16316818941625113852
225	15295421815686257980
226	14117450126376459669
227	10490457282518000952
228	14622980597268714505
229	06714751570129179801
230	05602848048408839456
231	07755565983586856799
232	05947301383724398598
233	00746671009864209515
234	11463967589201450025
235	15254628038561422790
236	04682804223618559864
237	01901126867312145098
238	17450846900386058980
239	12468558037773350767
240	11553414325253492769
241	03322522137651035476
242	08564583357232217977
243	14519568914684379481
244	13979301491702993242
245	16278650618019806089
246	02230208000473795184
247	12555539438152893436
248	01297866384758856458
249	03851431741158872683
250	12234236281184695899
251	06594384377305027282
252	00686020186906297141
253	18408916210235770942
254	06198334055280204823
255	05369469267407708374
256	16792226546076001175
257	01600165171266488478
258	03818231480022380176
259	06475445070735661441
260	03116246049921086652
261	07401265602430527411
262	05994435329239242897
263	04896893303027840284
264	08605814820426171429
265	05081956098288906940
266	14962415529306431681
267	16907651704546263141
268	05514307375345073279
269	01514446118140234911
270	14608104237880178742
271	04114840132615406124
272	13873099879269608102
273	00681912458770926376
274	16754208618027444706
275	18051986524008551569
276	00451492590493576431
277	06613664536718356717
278	17679165461911339539
279	13070077198878277145
280	17030267428192126663
281	09324778686782928697
282	02001131485344472194
283	08275707237378837326
284	01176805523845359515
285	04488209105483305587
286	04596517535597027003
287	18431130059394186518
288	04245144936441828270
289	13455161743971504636
290	00057116742674454047
291	04555123189800067122
292	06734955451476897471
293	01931085490851942514
294	01835517458777732806
295	02771848453579901448
296	18100884530208876150
297	03360002518825752547
298	09748981003060953589
299	10405446704945589050
300	03670827370483283332
301	02933137534279491567
302	13451036132203309290
303	09600045167484112901
304	00835715790478557363
305	02039666511591414306
306	16182004306358203823
307	13850408424205025214
308	09109014150697394348
309	10393502924469036203
310	03448455047780911462
311	16472775163209927000
312	02803346160267680921
313	00904780271054219527
314	10351913358610685554
315	01242904179512216815
316	10021635501688881679
317	05182181726525653039
318	02707060652358654237
319	06501939771397129275
320	03141765646858654876
321	03238441882818567140
322	10921126895973177553
323	15896746334273800410
324	12098074735126627331
325	17632370393815450941
326	05874506997641623819
327	10075133595187631769
328	14848306152336499179
329	07605554926759791578
330	02205837301278887697
331	17517272428630844094
332	13362950476631580157
333	03081514372686745325
334	02076959103972080914
335	04220070407869406467
336	03753373953225726011
337	15947350839444552405
338	02954229532251887566
339	07602371879819896915
340	16400558092861460705
341	11970890548949171514
342	16041358091140834582
343	05725113582234024418
344	03432065070644471510
345	16076901733811142418
346	12107408313145262977
347	07148859410464144625
348	04255060907595569626
349	00758603332208178063
350	11847495208187451629
351	08136245945508766176
352	17576983731201489501
353	16972457278845556278
354	02467057638251700200
355	03844288122922181302
356	01067771007507738927
357	02743113551150479238
358	05958026740538814063
359	14157457691963649902
360	13497415656037748173
361	08331863854307428059
362	05343588227177060517
363	15933392695947498723
364	17119959347017827877
365	07785151949804283848
366	05120164473246914627
367	02418457460865421161
368	07651685346497686899
369	01194173109221128393
370	00312611634753914347
371	09546183891013093919
372	10817783427273431522
373	16500346173236953080
374	17410995810243426311
375	10018399658699008745
376	17614780470814227665
377	16318544171401306250
378	10203942510143957153
379	02541122707631245756
380	01739829868754542116
381	06210756869116042331
382	15578910206986515767
383	14684871024912114680
384	01701501100921642519
385	00425108736324181479
386	08435071383090537438
387	14975005267039211410
388	03315775507389411627
389	16521795428030187762
390	17900738058784651034
391	04538952183756698248
392	02320621899499024511
393	17016116377897042560
394	06923671028481947595
395	13602720199155490270
396	12613983106267195089
397	18075216220541930077
398	00955772526867700815
399	09387757888570659428
400	18303699304003600249
401	03766915360809642469
402	12470610565395980303
403	12693569809794808149
404	01851570961831735508
405	10122980971892829628
406	10171845023799541838
407	04080346486584614505
408	01677328796192368414
409	18414011202560243618
410	05686949759622706046
411	01714948817936435597
412	07987675951326254033
413	08823572701028417084
414	15547667166701383955
415	05750221420255906177
416	09712787544490659210
417	08277912210463997261
418	01251875197848488620
419	07725393602912473440
420	15387271345347102161
421	10655987774264425216
422	12335222190421538256
423	17736965443522759485
424	09991360324316540191
425	18195471058115880006
426	05321278011956113782
427	09729234447817104952
428	08462099861961959933
429	04859492089405980744
430	12019280819248247597
431	02652333988390117152
432	07241317064652498184
433	15453871111531468703
434	02419395570656206815
435	12877137513710393303
436	07681086528135182921
437	13166091945926859253
438	05180565068571104905
439	11245391376405787244
440	15615299769985183582
441	00474377505549554999
442	04253770939923824345
443	07915546461812935454
444	06571809885040043938
445	07173581516947932099
446	05175302545779608256
447	02822233893948863572
448	06659966107827559581
449	17699095503830806789
450	14214740883638071621
451	13907095365220673698
452	17508263634253615926
453	07051340108253423701
454	08347844081459673777
455	02648476346342129320
456	17901381064618369912
457	03486625421936833162
458	09677378629951809243
459	13134100833207432001
460	14373745233968811542
461	14475285691574979153
462	16134019720326498659
463	13394883899795367054
464	07315174967345549861
465	10376365483448757284
466	07026207742023998752
467	12008343834967712612
468	09711023036138902861
469	06068233240865202502
470	15781423259404284734
471	06312895094909527573
472	04296331018102965943
473	09237117802084871607
474	09167232117505096055
475	13734279915661720249
476	07976308865972157244
477	08444770974947767126
478	05843928911439225337
479	18312546736276287111
480	14718848366778708534
481	18103645700555759725
482	09123585593720430210
483	14999656830263937933
484	16183978386461226012
485	08097035384791014374
486	09821764800019793945
487	01206022832879941931
488	11891697054877581357
489	07012122262770513894
490	13376302704975453377
491	00802386803498747935
492	10813672788689413961
493	09699904515135542421
494	02147704746459350870
495	13267894476379886079
496	15233828192232589148
497	08540513867817068073
498	12864482931892287776
499	12679320672902254366
500	13722109623580644758
501	12098758191299828527
502	10965595820474147932
503	17275800547311267610
504	16420754740253307843
505	06014953406138292197
506	16241127797521291826
507	04916395618922927290
508	00018044336553174115
509	10697679386006438758
510	03594911085086463063
511	09964687663028322173
512	07972790870806345316
513	09994060713256624166
514	12393771530418785250
515	05234840542680271317
516	10095575219722407282
517	16020598693508439519
518	16796454931503805619
519	07203424867861860540
520	11989114413410472361
521	02620212245506327773
522	07680585500966824635
523	14471350449004222744
524	12247992829312503544
525	04948841670976231895
526	14253006523813445231
527	05813178930034245826
528	02791667991862589325
529	16109370503330351986
530	02023152171499614614
531	13525428125287493434
532	05113029587862864346
533	16404511718568526946
534	18065895408544552683
535	06801102920609488389
536	10912748320740203756
537	04408343510626651310
538	11159696909239185000
539	11888415761794730501
540	00689834124463588058
541	04356546425114968199
542	04343025624149512965
543	10717532374868278840
544	06062358909210893541
545	17491442696773957180
546	08685571396836796817
547	01861826804412993212
548	04887728121995570416
549	06700102045223944142
550	02992518884226299080
551	14946020877338097901
552	09727941670892550229
553	11490230143336172039
554	16091800231091088319
555	18421400535911160884
556	08726756049037697937
557	09244443960405266894
558	09464051885596570220
559	13544376226434501384
560	08506276904671095588
561	14963108649120455698
562	09412252987816535986
563	09792565216386398885
564	16163415183466625006
565	05759463543067728879
566	05916365031966426420
567	00016073319808530894
568	02481280895186605674
569	09805455208527073310
570	00464961512592412033
571	10989281720368156789
572	10251070947859909476
573	11793553368686910246
574	13456563113107923068
575	07197679436482275332
576	06068902338135882177
577	06676477659884819406
578	07909388166117986830
579	12920496180271047214
580	14837982791365114047
581	18419140904009777255
582	02037467431038957234
583	03706720480400625683
584	16218604742194979573
585	06450845077034928954
586	02794528746284080683
587	15825786001263213558
588	12875813493603746166
589	17024169553051555157
590	03311286180956387390
591	14026652210046921751
592	11269033260391740376
593	10502879401360090110
594	15836661810695181729
595	15276439666398885517
596	10290436190843375569
597	18211475156673920611
598	10220539999243337891
599	02792762977329888810
600	03416079941106217708
601	10176644238836106769
602	01136659322132094372
603	03124291904917961044
604	09612347178941337540
605	15226128476740214450
606	10293573709136413845
607	04696484280557609119
608	18362945514451303474
609	08468440360766419742
610	10306680634752942529
611	00388895644182226368
612	15687755696370046778
613	01818240563280031221
614	16038633705583738281
615	08976078798473264288
616	13793394004200711922
617	09342761598973661645
618	03373743676268805959
619	14438711646779894418
620	14250154809779023229
621	12687893025802450981
622	15903986077432190426
623	17586078023708921204
624	17818141834442745027
625	15611826807060921267
626	13987637681134644209
627	13393225825556061460
628	11529226607887597155
629	04596408468790410759
630	15013355938656363306
631	01472426777728176553
632	09890844451094996055
633	16498213030086920429
634	18260286097524348090
635	16352824867034080598
636	13385001381186816297
637	06160904974014485260
638	01125480449012938722
639	13084233876796185706
640	08759104673248853099
641	14399360438687303898
642	18021075507155545579
643	18075159849551348818
644	00569969875310564458
645	02244565279840314208
646	14765682060228996428
647	15307868681581554906
648	13310879587886379267
649	16983728145673133123
650	16348750099424149872
651	14626313199553441523
652	02642336036096005227
653	02111722598049737760
654	08231879960913130754
655	08903916714415434267
656	08757988947924887436
657	05095621443883862109
658	11915354212289722759
659	02790564840836705077
660	00021143637236480801
661	07616134603594778218
662	04033985512371342232
663	11924368724627956751
664	11078365927345074179
665	04166646548531499340
666	07003182989793106424
667	01997294844626658875
668	08649450016870145738
669	11313537262486466095
670	01086434764374848525
671	11960848609383361071
672	13901522577328488677
673	17016408959385902582
674	00455823139073921194
675	15716751834687240304
676	01196090906347707978
677	15990605715714942233
678	04426764530734721164
679	17744951792461237485
680	13454005681768829718
681	12586414987444988949
682	03141714787847379927
683	05131644744920321384
684	01633366391570868741
685	01078871618344310669
686	01902952344034763127
687	02302512138779025486
688	14404940304678023340
689	09351824991536076826
690	06334498215558270866
691	15579702814546840360
692	13782463410998111221
693	08385310899454566276
694	04115033321816969239
695	02286312661887568183
696	05640017468900740903
697	09042619554190240332
698	10129953704548438746
699	13278569008774629780
700	04920421832380441782
701	10488998191411985282
702	15338774092876851691
703	16291213763575827418
704	04586012855225262294
705	01450486356578982610
706	10545777693619505276
707	03784934594632985053
708	00543326759954225817
709	11245091767688947497
710	09424288724568754769
711	05032735664852850762
712	04011519325576138578
713	04503501819342676141
714	08182228765592250604
715	12724892743691023323
716	10977531577911402736
717	04269727449414170304
718	15927628053485785656
719	11786124583515219029
720	03090652373913026825
721	09192463649674270865
722	02665332107005036061
723	08936635520532606128
724	06378283624092184672
725	08041664474936399323
726	15199528137402849183
727	06145185519821553987
728	11086254483943144502
729	11094613937533976139
730	07465009314157545840
731	14441418137300037257
732	05259915271721008548
733	06861176227012017352
734	14746749176588404454
735	02809256378922644027
736	10325910554601060345
737	18291788195375574465
738	05058491273829719548
739	13528144122774689424
740	18216086194053515599
741	13584259703023253510
742	02796049424720093708
743	01488935602612899071
744	03320671174529504471
745	12856523840296954888
746	11447086224303481561
747	10243985193662218570
748	03994926961150785098
749	06345022622219077781
750	10082539078432518493
751	13159004625752286166
752	04727869290552084549
753	03068190581617889721
754	08767553785129494620
755	08328276966529641110
756	00284866966240605765
757	01710376745150754616
758	01670108516172893044
759	03459695873519413488
760	05884984392217296300
761	16810763141611943042
762	18317978226831442843
763	08768092477676600280
764	10609439803263413056
765	00699252100763155635
766	12079382653399782235
767	05046210451154351850
768	00874656957031333712
769	01987690090121957853
770	05531568231322461205
771	16616349995104693414
772	02628453998802436150
773	11234067677214252338
774	04004183687652511098
775	17218408040713285817
776	13673858801973055680
777	09110644583776197298
778	02815311326352511250
779	01213847734365502277
780	01709975752882550504
781	13417882045143995950
782	07385402556374941470
783	04118538164427289198
784	06722191427975105530
785	18291531780944077095
786	10690058205449904779
787	07232048840010756237
788	13540032663976293304
789	11024598432634712828
790	17877421738013602319
791	14207059663106826239
792	02189552541253781377
793	00409002893517824532
794	12859118648533223521
795	01712823517791170496
796	10792657971384077676
797	08250805288990483584
798	12414119676245518751
799	15751129752106010071
800	06308097157706071584
801	13845274456081417204
802	12161239864364315181
803	00157020830379059233
804	08611157292984861030
805	00610431366183801014
806	14323692300139067717
807	18138844215446993273
808	14173190020503412323
809	16202582835157971584
810	07056903180358813138
811	00406760912435486035
812	12301370752956123653
813	06998484659123369393
814	07994381233667781411
815	00645329092915513235
816	13444605038581074891
817	10354271078228309403
818	09631058396980695905
819	13240716716046320877
820	02152588523767166456
821	02411470627326944163
822	02357492226605283374
823	02056037493615832099
824	03491029115677835081
825	02102658240136736530
826	10789692158356078364
827	14405616902193047499
828	07922191763290135238
829	07255452423566781257
830	06958654377159940889
831	17587729698035227678
832	14472612016448180893
833	12459657253320509840
834	11815552556199774094
835	09702425478168742944
836	02205400143981157882
837	13667580108518111074
838	06361721291957470734
839	18137926614048806460
840	15848694772993908622
841	07745683275847541227
842	05335858701182324692
843	14147203845800407217
844	16798816011420901919
845	10382814495342241111
846	01685898442184954064
847	09648502774881760244
848	17847350534475248318
849	08961141292818099560
850	15293604913242913741
851	17903144320447851378
852	13480954802229621227
853	03048670750075660924
854	08134725358458604543
855	09951464430305362444
856	15107902679098832986
857	06803017868767099185
858	16222186736684140490
859	11077330937698282607
860	14476260236580828738
861	03569484418378277462
862	12983620474413453400
863	15381045768711037293
864	06589124372293774623
865	07353977798415890984
866	08229413320677111949
867	10629506924259091175
868	06640032104581629259
869	03545982429073569712
870	13397770186705530744
871	12670995786819533863
872	11613809296060473555
873	05435025518447407688
874	03603406094733109858
875	14525458478231124476
876	08473275870436306638
877	00291973450586945668
878	12097064205867877579
879	11490269185453527699
880	09637978173936517537
881	00012718334768394216
882	07896463512834213154
883	06414339560736878826
884	09038823737701236060
885	05947748925689510136
886	04129210691258776357
887	13744451101497799399
888	04157882121425671714
889	10248535957357349656
890	17193993329086336244
891	02371927235790337899
892	04130716612843002489
893	13914400957066383826
894	04824658877372037339
895	09627496393463002780
896	18168305774000201874
897	00942296984888964547
898	17262514438891821075
899	10126494371535048918
900	03432081961929684207
901	00539626620332242795
902	10194946128499351271
903	00673656876699488520
904	04239394592702247423
905	16468947903096587261
906	11811990040807860121
907	16098175055382683945
908	00790971193484181154
909	15082295872911980623
910	07872333159219048034
911	14994938185209830025
912	05120204234195569907
913	11335999398044066083
914	16202966280502760739
915	10042276630804150526
916	02533504056349945447
917	15844315544377468348
918	07139194285577228859
919	10337609257747606625
920	03845334404656388178
921	11465284781729128298
922	10025632111141411042
923	08673931746267243007
924	08916765397058896688
925	16218045929951619379
926	12951720680563244751
927	06689049396010119260
928	10880553706424601369
929	09341002255360181090
930	04947197456623567307
931	13414277148072642884
932	15083074589506286944
933	01774842145464194857
934	07498929532985848263
935	09307844246171726990
936	13165606727207989527
937	11301486094086452955
938	09512490799927532650
939	02439139371561326189
940	15200810798841717635
941	00443238227576996742
942	13256079575594030008
943	15261047908586437960
944	10526680455239880415
945	04693779600589043529
946	12370982661229659948
947	12698988818125264681
948	02563563360278594544
949	16026305012340781189
950	11775252316148931029
951	13942263113866021847
952	03281832311762490364
953	13442601851221958881
954	05605728893968382192
955	14924053362129569993
956	15010620567106604352
957	01412933563550661732
958	07415261896928099160
959	10252372280036354390
960	00834803357514914004
961	07235484443484646220
962	04695823838311590543
963	01013656347269818561
964	02338036455661829801
965	17200879219763272484
966	08883496474976412512
967	13128887880888561004
968	04635206866669637177
969	08366902007270575456
970	10090398212979972710
971	16777230626470418316
972	04632327598472813596
973	12922617766444727462
974	14436480541497938061
975	17016821680475090960
976	03087812620408484538
977	16495643972746887318
978	06083473952141456838
979	17595617640621737182
980	07800462930599037851
981	08845109906301373299
982	06450665727779815751
983	14088294204326448771
984	11697385508507772424
985	16921388462523917825
986	06146208744497863953
987	01931317041400812828
988	10455287366635302814
989	06445738885486967412
990	00286322839602188608
991	01401133859886394330
992	04058313256869294651
993	15768338152801971644
994	04476468932218109329
995	03296667297342752046
996	15738511863415597966
997	08543684701332463616
998	04127638126021600591
999	15170216924626329839
