000	3802928447
001	0813792938
002	1618621494
003	2955957307
004	3252880261
005	1129983909
006	2539651700
007	1327610908
008	1757650787
009	2763843748
010	3283365078
011	0417647218
012	0258975569
013	0008408747
014	0513768583
015	1168397873
016	0724377722
017	4271269052
018	4133570765
019	1254815195
020	0384094016
021	2541700634
022	4250724232
023	1515063450
024	2418510038
025	2263729826
026	2289923500
027	0701129180
028	0308492879
029	2363248230
030	3139367968
031	3391989441
032	1748648354
033	0431933924
034	2824272564
035	1205905302
036	2078072163
037	0494181462
038	1204511274
039	4108783278
040	3169065365
041	1370869456
042	4105016629
043	1380953022
044	4203885710
045	3070851752
046	0533948788
047	3102829615
048	0142794336
049	2840726778
050	0034944018
051	2308068390
052	1091539964
053	2140206673
054	0016141733
055	3752626721
056	2893694775
057	1936532902
058	4204298896
059	0737480809
060	2862957080
061	2941859527
062	0164622010
063	3596043407
064	0142597367
065	2730284297
066	4131833482
067	1373829299
068	4234248965
069	1705823950
070	2986611750
071	2971213985
072	1220932481
073	0109723974
074	0798865520
075	2725938012
076	0780825663
077	1409087894
078	2780024685
079	0280850947
080	1989767983
081	2622709866
082	3794496292
083	2263939782
084	3186666753
085	0666206351
086	2132373625
087	3375787052
088	1954276581
089	1357897627
090	0231835046
091	2113502750
092	3387420035
093	2312446919
094	2486315040
095	2160375684
096	1345037396
097	1320758604
098	3344197996
099	3377739899
100	0513697385
101	2043722900
102	3029321586
103	1565684649
104	4084815593
105	2474269558
106	0352849955
107	3070342268
108	1058607407
109	3638749904
110	2557077543
111	3141731870
112	1528111020
113	3022398417
114	3873212059
115	3241107473
116	2142846401
117	1186322127
118	1006640080
119	0411386761
120	2202777896
121	2027307905
122	0482321255
123	2831464597
124	2406836352
125	4101151015
126	0632232040
127	1290598243
128	2460775286
129	0958948972
130	0136633240
131	0613158697
132	3907239950
133	3706101615
134	4145565927
135	2792672944
136	2138138161
137	3807350030
138	1531864832
139	0660284510
140	0987108859
141	1340632365
142	0321779559
143	4091747317
144	1927174210
145	2342361318
146	3826675478
147	0388827066
148	2944274507
149	3271510051
150	3319816478
151	3503510390
152	1892291590
153	3951587064
154	3249847967
155	3152178949
156	4134061171
157	2860641581
158	1254394031
159	1136477023
160	3981102873
161	2740200164
162	0574632011
163	3138326755
164	1307529003
165	1627374410
166	3880499703
167	2912650555
168	1462282993
169	2720415332
170	2054480828
171	3557352979
172	3599367157
173	3485505458
174	1631562308
175	3901359579
176	3461349912
177	3520824183
178	2149678616
179	2240099816
180	1463897220
181	3657298869
182	1725550968
183	4123605431
184	1383122470
185	2802102314
186	0524221331
187	1482143996
188	0013627883
189	2942495120
190	1665706465
191	1532823799
192	0618832574
193	1207889728
194	1548185632
195	3611510827
196	1156242097
197	2265169007
198	0983118957
199	3498717379
200	0029427460
201	2063564183
202	0295979990
203	0151206652
204	1240074092
205	0855791966
206	2356508455
207	3089809368
208	1795680299
209	2095542665
210	0257527657
211	1043031961
212	1193026428
213	4151381721
214	1765780849
215	3923599584
216	1343634298
217	2058749121
218	3322042964
219	1597583220
220	3384985397
221	1747380284
222	3819483081
223	2293877707
224	1196815347
225	3419757720
226	2665087127
227	1663988553
228	3299882042
229	0204017180
230	2003163057
231	2916168204
232	1610568729
233	2324990312
234	3052418848
235	3206399493
236	2989367080
237	0596372177
238	3649470355
239	0988456736
240	4043319394
241	2932292571
242	0080074943
243	0477103589
244	0465383655
245	1038652471
246	0682602985
247	1143723682
248	1657077172
249	2593587268
250	2156280327
251	0478500063
252	1952044048
253	4057361078
254	2032670742
255	1942681395
256	0806378002
257	1743926874
258	3467109341
259	2418255125
260	4163505828
261	2344322193
262	1207945372
263	2341777483
264	4096735749
265	0341017515
266	1787283530
267	0041932313
268	0746139116
269	3086832343
270	1647231389
271	1329228959
272	3967549942
273	0319025669
274	1266626077
275	1189578571
276	0378338613
277	0551428238
278	2467843896
279	1848686455
280	2461588718
281	2176538476
282	0923214981
283	0522737958
284	1952182639
285	1978056337
286	0578386741
287	1566608829
288	0020403155
289	3595903362
290	2972482733
291	3645048799
292	2812597511
293	2189700775
294	1586696994
295	2171935298
296	1685937219
297	2868610020
298	1459782560
299	1117402713
300	1513875368
301	1812102879
302	2607608765
303	1411962352
304	4153569194
305	2806094224
306	4281232750
307	0353961421
308	2758516956
309	1634546346
310	0171739844
311	0975469757
312	1939960329
313	0016980930
314	2253393085
315	0275009782
316	0572128535
317	2263260547
318	3690743651
319	0886968525
320	2381712658
321	3143563794
322	0160863750
323	2616496185
324	0691372428
325	0710532991
326	0648365781
327	2908298525
328	3390824167
329	0367553811
330	1109278939
331	0274574722
332	3129379204
333	3587445883
334	3675392191
335	2411561206
336	1243978449
337	0907696768
338	2994333765
339	4131076887
340	3132487317
341	2925690505
342	2219260376
343	3378101343
344	1862708612
345	0978932193
346	0256774567
347	0910948119
348	1025606946
349	3281882554
350	2831298052
351	0924203836
352	0239704232
353	3045111529
354	0740381619
355	0445247979
356	3404224487
357	1803488169
358	0351556877
359	3362277620
360	1725768913
361	3066358989
362	3075036496
363	0697140749
364	1013939574
365	3524856995
366	0804764678
367	0864633277
368	0988363542
369	2004706820
370	1716527203
371	3064883769
372	2579373557
373	4013956050
374	0217763161
375	0259388844
376	0583584969
377	2773507376
378	1968931987
379	1270933320
380	3440177038
381	3701607714
382	1750775164
383	0288729228
384	4096172617
385	2312959309
386	4120885249
387	1338093672
388	1601213347
389	3926614995
390	2990620513
391	1169686776
392	1396266446
393	0673053727
394	1498852301
395	1200508618
396	3269735326
397	1648824642
398	2037893680
399	1767547033
400	1316283323
401	0885498260
402	3502078301
403	4177838506
404	0843452975
405	0020360904
406	0378184697
407	1504920865
408	3711180039
409	4194415585
410	3418488390
411	3302199091
412	2197512747
413	0431864655
414	0932013288
415	0320851902
416	0336428066
417	1250976030
418	1416903225
419	1074354197
420	3175818120
421	0668075124
422	1678081606
423	0453015084
424	2835595308
425	0221746503
426	1490297089
427	2925019180
428	4086215064
429	1089199092
430	3608963313
431	1473082094
432	2909182800
433	3396375571
434	0253950784
435	0930044985
436	3533789910
437	3183436422
438	3662120718
439	0570773699
440	2633925171
441	0588799989
442	1760973917
443	3697943772
444	4100066747
445	2373829919
446	0521169189
447	2022838381
448	2569917785
449	2769702522
450	2656501282
451	2109254486
452	2119382263
453	2792252140
454	2431042322
455	0200601523
456	2833766827
457	3288906654
458	1827457743
459	1363347992
460	0477716366
461	0566742762
462	1116854393
463	1957408497
464	3139144642
465	0142378313
466	4017472479
467	3775354390
468	1873622124
469	1335519711
470	3069345672
471	4120419589
472	1476993068
473	2251341210
474	1637067532
475	4080909900
476	1638824537
477	2843471521
478	3857681044
479	3629474934
480	2346776229
481	3230563096
482	0856106128
483	1052074939
484	3392996361
485	1908530951
486	2533268692
487	4192391591
488	3019418263
489	1508265047
490	3664386112
491	0975544592
492	2859368516
493	2242261431
494	1922239366
495	2582999101
496	3398447106
497	4017624013
498	2209042731
499	1505130754
500	4109207609
501	4056115993
502	1478428435
503	3398401557
504	2248610413
505	1632137384
506	0355759810
507	2148230514
508	4185948804
509	3795366965
510	2671124984
511	1945424240
512	1579069356
513	0832176066
514	3966943270
515	0436747515
516	0132562007
517	0230832252
518	2132156805
519	3519648312
520	3329391868
521	1995662992
522	2679487629
523	2076609126
524	1995570268
525	0040163744
526	3570585643
527	2087966757
528	2877152122
529	2503189918
530	3857282746
531	1310107779
532	1467300735
533	1506931311
534	0300040565
535	3060240730
536	0064529658
537	2026276430
538	0898119126
539	2766589547
540	2060191166
541	1135611473
542	2744556471
543	2327510675
544	3548417187
545	2504190665
546	2637379983
547	0556211042
548	1771005266
549	0456537929
550	0384768555
551	3945239925
552	1895405979
553	0698407866
554	2624607380
555	3964251066
556	0071673203
557	3016669610
558	3338936730
559	2593646423
560	2961749137
561	1393571833
562	3474732612
563	2475284701
564	2945239242
565	0049814368
566	1072657069
567	4182937293
568	0252499411
569	1463666571
570	3639343947
571	2822287554
572	2362969140
573	3256244941
574	4172974944
575	0129208780
576	3458278052
577	3177665010
578	3399000551
579	1886642329
580	1144132767
581	0818920796
582	4249861992
583	2234472920
584	0572528345
585	4256590084
586	4251208042
587	0810280482
588	1497525451
589	2144194232
590	2161333059
591	2527960217
592	4224650047
593	2315728920
594	1460799141
595	4215899833
596	0254018955
597	2889781141
598	1747134120
599	4227488061
600	1100756211
601	2877720675
602	0439214415
603	2918878964
604	0228577944
605	0697745125
606	2366585643
607	0746032856
608	2612103490
609	3888655689
610	1239841524
611	3021393652
612	0172608746
613	2690076308
614	1071274819
615	1199040299
616	1600288626
617	2836959563
618	3696351536
619	2771933322
620	0633218565
621	3958336867
622	1267417444
623	3294198802
624	0851442245
625	2893541499
626	1714921859
627	3082241800
628	3094700662
629	1826980987
630	0901421956
631	0135035198
632	1359011520
633	3002192170
634	3764427543
635	2269422252
636	2939119317
637	3876015515
638	3040069175
639	3283506701
640	2085532368
641	1850818443
642	2628988438
643	1918626851
644	0016167950
645	0240053982
646	4016571631
647	3527950712
648	1692566984
649	0271847045
650	0811463323
651	2481005349
652	0220617416
653	3637527281
654	0657045042
655	0633286241
656	0046882156
657	3224838014
658	0543500907
659	0000490854
660	0077121066
661	2879466774
662	0701110316
663	2055273179
664	1045151446
665	3718983446
666	1955498898
667	3228728047
668	2934511987
669	1301290384
670	0310476178
671	3134270181
672	2463029913
673	3001561276
674	3525032400
675	3881652299
676	2679699746
677	2078447147
678	4247052614
679	3762720601
680	0828456535
681	4116323562
682	4075541374
683	1451157970
684	3524650728
685	1444069409
686	3404065999
687	2189829995
688	0076826487
689	2484824691
690	3141724565
691	0387582352
692	1725193302
693	1072158824
694	3019277143
695	3225370448
696	0506527868
697	3967486938
698	2861109833
699	1172075267
700	2898453387
701	0537571950
702	3401752794
703	4031790766
704	0012221534
705	3109728035
706	1345676243
707	2566740941
708	0130718368
709	2511088455
710	4164079139
711	3222145413
712	2907608599
713	4054216097
714	1535030562
715	0679164733
716	4197552822
717	0720188399
718	0053989118
719	0155373417
720	3549481071
721	0632596262
722	3962037310
723	1540086364
724	3992559620
725	2501593583
726	2406145681
727	0705906114
728	2928018407
729	0674738857
730	4220571792
731	2706597951
732	1103340681
733	1872480438
734	0817502143
735	2538585573
736	0595676919
737	1182789614
738	3545661768
739	0735356243
740	1329170005
741	3694568078
742	1831920823
743	2371245242
744	4234209447
745	4166077966
746	0396338081
747	4270349345
748	0959239241
749	1147336654
750	3793736547
751	1300069841
752	3328295987
753	0757591304
754	3212769873
755	0831097837
756	0865664283
757	3022104380
758	2119255455
759	3439529361
760	2904577825
761	1363341781
762	3374461325
763	4190098791
764	2655817881
765	3955784134
766	2635210503
767	2821154519
768	3993407340
769	1665782741
770	3017586378
771	1388572815
772	3439869608
773	0486347784
774	1201187949
775	1493778454
776	2142349263
777	0167430414
778	3441349585
779	1044197703
780	1498869976
781	1849714173
782	2296724129
783	3228350972
784	2837917512
785	2608644776
786	1372398777
787	4159038743
788	3835481304
789	2972872796
790	3544482793
791	3373818613
792	4096562713
793	3621111741
794	0212578849
795	0344060903
796	3986779777
797	2211473741
798	3832015818
799	3813035386
800	1856375721
801	1880414417
802	2917738929
803	3589152396
804	0945374384
805	0584409444
806	1783737364
807	2003510485
808	0026091306
809	0904378968
810	4047995023
811	1349947180
812	3938137346
813	3557257277
814	2894558614
815	3890527231
816	1365924075
817	0080664445
818	0367180894
819	2335875635
820	3466704723
821	2792366959
822	2357596350
823	4220071934
824	3443555801
825	1474394336
826	3786193068
827	4006371417
828	3304724677
829	3306555491
830	1474068858
831	2086805126
832	0103522832
833	2618239236
834	3080609348
835	3096990371
836	2070888406
837	0839408199
838	2124587301
839	2703984915
840	1040876925
841	1066419536
842	4188285026
843	0090399528
844	0173707209
845	4112631991
846	1250005363
847	1279243797
848	1804806942
849	3364028477
850	3336193678
851	1923663473
852	3025931992
853	1314866558
854	1056438218
855	3196929461
856	0574931164
857	2734860110
858	1452711679
859	1573070234
860	1768722841
861	2781145473
862	2835859094
863	2589014891
864	0194245130
865	3407198832
866	1785563605
867	0795957967
868	3955927295
869	3241604759
870	1716213038
871	2318229902
872	1751899500
873	3435038948
874	1907743848
875	3941626003
876	3701430388
877	3668698385
878	4049136735
879	2906586456
880	3998370688
881	2864860302
882	0446664529
883	1075648820
884	2219153416
885	0841820438
886	3989350814
887	2311602884
888	3592195949
889	1884438924
890	1487494225
891	3602654649
892	2433770709
893	3850425904
894	3258384372
895	1320417054
896	3289233343
897	3503673595
898	0623799684
899	3302639990
900	3049743143
901	0040361725
902	4009480848
903	1644645260
904	1099830829
905	2736151462
906	1372250067
907	2419768304
908	3944433152
909	0522139647
910	3870135834
911	0151596075
912	4280254792
913	1132484356
914	4001748099
915	4259743627
916	2856440192
917	3141125922
918	3047141595
919	3970177299
920	3843861143
921	0536763138
922	3320532206
923	2802261848
924	1333244195
925	1846913507
926	1822308181
927	3045814514
928	4204690373
929	2789500296
930	2612651081
931	0352284443
932	1096948829
933	2710286918
934	1111361716
935	4163907920
936	2413859543
937	3356570432
938	3579343448
939	2916227218
940	2253105463
941	1755383558
942	3319368462
943	1160117088
944	2126379442
945	2503043386
946	4262631280
947	2070274952
948	0873979843
949	0464773187
950	0998951649
951	4085029070
952	3437590699
953	3503283123
954	3426641576
955	1989344539
956	2889375251
957	3542902246
958	3073669804
959	2039126873
960	0446884036
961	1348188313
962	1169972322
963	2314549815
964	2156244303
965	2250074845
966	2398037327
967	1918026164
968	3606558449
969	0489147906
970	3116414730
971	1637653737
972	0241645579
973	0809165348
974	0104677204
975	4272842016
976	3336531721
977	3287269752
978	1699466199
979	0247439542
980	2481156982
981	0523186704
982	4083873295
983	3852721054
984	4168526200
985	2491447659
986	3653480678
987	3470783425
988	0985359878
989	1635391088
990	1722690335
991	3986389837
992	0086647259
993	1308213799
994	1752264232
995	2190010650
996	3134514525
997	2320379189
998	4136751562
999	1940163725
