000	0000000001
001	1015568748
002	1586005467
003	2165703038
004	3027450565
005	0217083232
006	1587069247
007	3327581586
008	2388811721
009	0070837908
010	2745540835
011	1075679462
012	1814098701
013	2536995080
014	3594602695
015	1009643386
016	4212701329
017	3697481916
018	1403919595
019	2931756366
020	2282599509
021	0927463856
022	0448971087
023	0302988898
024	1369582169
025	0557551588
026	3037600243
027	2503481014
028	1629134493
029	1129353048
030	3225111255
031	3997329994
032	0761386273
033	1435167756
034	4222990331
035	1668959518
036	2353844709
037	2001984000
038	4270654815
039	3758297906
040	3055474921
041	4113419572
042	4187559683
043	0665538694
044	1598909997
045	2947053992
046	0702419175
047	2113984794
048	0746870193
049	2543113052
050	3744487179
051	1420083438
052	0082416501
053	4084797008
054	0991464815
055	3571407874
056	0111242105
057	1648664196
058	0200775699
059	1484013142
060	0563241405
061	3477354488
062	1751816951
063	0632699882
064	2624141889
065	3411398316
066	4008639003
067	0047933630
068	0131922181
069	4284257952
070	3452328319
071	1955666130
072	1681056265
073	2884961236
074	4145716515
075	3150962726
076	2097314125
077	1785252424
078	0627173639
079	3874460346
080	3208217297
081	2732776956
082	2483200299
083	2314945678
084	0224395925
085	1810068208
086	2419550607
087	4064627106
088	1444691097
089	3337878820
090	1177757235
091	3912971766
092	4042699997
093	1855664280
094	1854208791
095	1517936010
096	0090058593
097	2844852556
098	3216788539
099	1898009694
100	2146152485
101	3610420032
102	1212988831
103	0006876786
104	1508277033
105	2838923892
106	0347222851
107	1265844166
108	0923276397
109	1050700520
110	3319058727
111	2153913434
112	2642427889
113	2482321564
114	4222417739
115	2058000430
116	1278804405
117	4239337360
118	3089585583
119	2695432002
120	1935318457
121	2582752196
122	0508085331
123	4034198934
124	3541014525
125	0041777464
126	0831679287
127	2415218474
128	0076067969
129	2414117868
130	2040901211
131	1949569022
132	1900083013
133	0083754976
134	2921869759
135	4092761106
136	3162612809
137	2174378260
138	3471300963
139	1501392742
140	2737192845
141	4151794568
142	1279183175
143	3351279098
144	2510327057
145	2490622780
146	0599221611
147	0110803918
148	2419888341
149	3590597680
150	0351293903
151	0175281378
152	4121202393
153	0971352676
154	1388343923
155	1258919222
156	1873087261
157	3222475224
158	1419438935
159	1032884426
160	0439404961
161	2985842316
162	2889031803
163	2247859102
164	2091175525
165	1659284608
166	0056669663
167	3012954546
168	0357326185
169	3720906676
170	2789445507
171	2631298822
172	2066021037
173	3021315112
174	1034408295
175	2926747546
176	1508010545
177	1644617180
178	2645155723
179	3249778542
180	3425873909
181	4228546768
182	3432668655
183	1309274754
184	3628208121
185	0427292932
186	2787258515
187	0165739734
188	0310316605
189	0813955704
190	3198581623
191	1320395370
192	2862509761
193	3614734636
194	1793893019
195	3563059006
196	1725904261
197	2668931360
198	0268323327
199	2545635154
200	1368303241
201	2053701204
202	0525161891
203	0006700710
204	0483149261
205	3886230728
206	1662511495
207	2581633338
208	2156779345
209	1314269308
210	2131519915
211	4091376398
212	0383999765
213	1189750128
214	3375200783
215	2111250466
216	2054889753
217	3209729956
218	3740663475
219	1910715510
220	2875564381
221	0821572376
222	2596084631
223	0583435274
224	4263093217
225	1543564236
226	1297757371
227	1095312094
228	0414723237
229	1001387456
230	1611197983
231	3972687090
232	3264249769
233	0673432820
234	3264031683
235	2736053830
236	2313429229
237	1497894248
238	3382120871
239	1668440794
240	2213205105
241	1057604380
242	1634141131
243	2566915758
244	2870386229
245	1657477648
246	3098650159
247	2688687554
248	2677523001
249	3323430468
250	3351502035
251	4227349526
252	3458253949
253	4070030264
254	1474743223
255	2368812458
256	1089104129
257	0793095788
258	1862522587
259	1654595198
260	2667033541
261	2397082208
262	1133027903
263	4079700626
264	0496625865
265	3416316820
266	0478876131
267	3620359654
268	1748274189
269	0606879240
270	3257747911
271	1485831290
272	3259064721
273	2915675580
274	1648471531
275	1627613774
276	3885264213
277	3486867120
278	0221176399
279	2947738466
280	1860170585
281	3698640100
282	0789826291
283	1426592694
284	2994239389
285	4203385944
286	2838203351
287	3579557706
288	2203631137
289	3572154636
290	1869711611
291	2185882142
292	0711314149
293	3268312832
294	3464848991
295	3745906738
296	2079515113
297	1569210932
298	3184461827
299	0628002182
300	0025528109
301	3078078120
302	3789722087
303	0983655962
304	2111405745
305	2822629468
306	0589588491
307	2949619182
308	1327811701
309	3794858832
310	4239208047
311	2593229058
312	1939584121
313	3306181508
314	3882731795
315	1576713046
316	0875870909
317	0569949432
318	2241027063
319	3064858858
320	3115098945
321	1687692204
322	1915439899
323	2654045630
324	0264925701
325	3584146336
326	3641129599
327	3649209810
328	1524853513
329	3934386388
330	0987827747
331	1189715238
332	1134498381
333	3595734856
334	0029288967
335	1057923002
336	3707448273
337	3490607868
338	3382129195
339	2639045006
340	2291121045
341	3255162864
342	2167704207
343	1128658594
344	2635269529
345	1452421668
346	3344553779
347	0733491958
348	3541929437
349	2517251480
350	0673594391
351	1620060810
352	3157137505
353	2314589772
354	0515448123
355	1748889950
356	3354241317
357	2575452224
358	4279639711
359	4266187634
360	2612233257
361	2469789556
362	0742990915
363	0723745990
364	3226021229
365	2548346856
366	1053446695
367	0255830362
368	3924715761
369	1524845980
370	4280421451
371	4116870446
372	1587362485
373	1803291792
374	1489827503
375	2151167042
376	1049487033
377	2074239172
378	2841638227
379	0120093334
380	3002790141
381	3622239800
382	0267136055
383	1986665514
384	1193614721
385	2225854700
386	2695036763
387	1180118270
388	4019679301
389	3029869792
390	2696549055
391	1577124114
392	2209033545
393	2353813012
394	0781142627
395	4110691430
396	2907429005
397	1733697672
398	4195142215
399	3365700346
400	2465936913
401	0308574268
402	4048352875
403	0939071694
404	3222620629
405	2931527984
406	0092173007
407	0466633186
408	0257185753
409	0854122340
410	1812472691
411	1832096310
412	2610226205
413	3166115544
414	4293733463
415	0262397386
416	4208571041
417	0677522316
418	2809196923
419	1382365342
420	1200605029
421	2701873536
422	3791328991
423	4245878450
424	3155322473
425	0510459060
426	3795550339
427	4218661894
428	3832484781
429	0063889704
430	3633205863
431	4237110426
432	2859045681
433	1413083868
434	1369436299
435	2566425710
436	3217025269
437	0804021712
438	3444637423
439	3564511106
440	0716069113
441	2400038404
442	4057620883
443	0247560662
444	4172506941
445	1839366008
446	4281416823
447	3081072490
448	1536415681
449	3703623212
450	1722479515
451	1515197502
452	3030298245
453	2902707744
454	2866883327
455	3555114066
456	1378955145
457	2789208916
458	3956655779
459	3378117542
460	3816480461
461	2155278792
462	3277253255
463	2960762426
464	3867246673
465	0302759292
466	1436744363
467	0004771854
468	2489653269
469	1731627632
470	3125582607
471	1553059106
472	0266594841
473	3065564324
474	0559853491
475	3501863286
476	3659430493
477	1741764632
478	1489001623
479	1842794762
480	3516632289
481	2641346764
482	2514027963
483	3758079966
484	1066149285
485	4205419200
486	2809417503
487	3471069682
488	3075442857
489	2490186228
490	4091944131
491	0496966470
492	3426171373
493	1148605032
494	3882783399
495	1573515226
496	3783982449
497	3514947612
498	3068007627
499	0164750254
500	2563561269
501	2697068304
502	2591639343
503	1519078082
504	2721909561
505	3834788676
506	3843886547
507	3422927126
508	4087225725
509	2087403704
510	2611121335
511	2778727082
512	2839073281
513	4195812204
514	1887643611
515	0425474942
516	0354430149
517	2149889888
518	1203536703
519	3463690130
520	3233116617
521	1838993556
522	2801042147
523	3945466598
524	1684808973
525	0183829256
526	3051178695
527	4058384762
528	0432933521
529	2890154684
530	3000581867
531	0091998030
532	1270818389
533	4239836080
534	4292805455
535	1758107746
536	0687979609
537	1732377060
538	0731741171
539	1301024950
540	2633650333
541	3499661656
542	2598358231
543	1181287498
544	0313763617
545	0375297548
546	3056687611
547	4031612702
548	2250425317
549	0127738880
550	3217147743
551	2801593650
552	2812996329
553	3396777780
554	3045652739
555	1491454598
556	0367108141
557	3810198440
558	3819639527
559	3459642138
560	4052920241
561	1341848924
562	0186415371
563	4147018478
564	1342440821
565	1866258512
566	1082511215
567	0364361218
568	1333394809
569	2708473988
570	3882351123
571	3593812054
572	3522892733
573	3716235768
574	1837112567
575	2878985706
576	0575933505
577	2850977964
578	2859179035
579	0045851326
580	0123464453
581	0792387744
582	0126622591
583	0552071890
584	0158856201
585	1470295508
586	3559620387
587	3250018854
588	3999247181
589	0806376520
590	1776282375
591	3357650106
592	2938164433
593	4266526716
594	0087016235
595	2530344590
596	1818457237
597	3229367536
598	1987423119
599	3820659618
600	0619564697
601	0163866404
602	0251955251
603	0451489782
604	0845702877
605	1884109464
606	1854635287
607	2761586570
608	3496083809
609	0007252812
610	0347729467
611	2727251550
612	0831758885
613	1764093248
614	3676536735
615	4171024498
616	3882126633
617	3586749556
618	3143898435
619	3028793798
620	2678998637
621	2835150056
622	2240008999
623	0688993882
624	2092995057
625	2363843228
626	1788550475
627	1347310126
628	2342876085
629	2359095696
630	2142672815
631	1228628290
632	0480587705
633	0719787460
634	2633705043
635	0076543894
636	0034228733
637	2854519608
638	1024060727
639	1959979306
640	4179986049
641	4186385900
642	1084510299
643	3584969214
644	3247565125
645	4219881952
646	3129996223
647	3733155346
648	2797123145
649	0429017876
650	0666549091
651	4097763686
652	2140500365
653	1493755272
654	3080637255
655	2926350330
656	1757011729
657	1701383484
658	2296809323
659	1133213134
660	3163685589
661	1137112624
662	4266693583
663	2963402466
664	0233316569
665	2743080036
666	2413024371
667	2953940790
668	0682147101
669	0003087320
670	3154341207
671	3551210186
672	1558616993
673	0148897932
674	4256350843
675	1443026334
676	2552152165
677	0008648320
678	3923343327
679	1996743602
680	0280784745
681	0195391924
682	3652678019
683	2009393414
684	2279419053
685	2673616424
686	3308835687
687	2308684186
688	1700052017
689	2239825884
690	0832176523
691	1148283246
692	0837886453
693	0706890448
694	1481351151
695	2018921602
696	0872325625
697	0641164036
698	3927347859
699	1851127510
700	0839630909
701	0999621752
702	0310377847
703	3968547946
704	2683125953
705	0908141356
706	2674738331
707	2440311102
708	3120703365
709	1715925792
710	1896352767
711	1518741842
712	1387772041
713	2829772884
714	2514630563
715	1778497702
716	1447917517
717	0790542024
718	3076123527
719	1611051834
720	1222191441
721	2127909500
722	3124595627
723	3672648974
724	1116393749
725	1473703792
726	3081747471
727	4072700450
728	0774943513
729	2041905572
730	2991284403
731	3292868214
732	1308316509
733	2038316312
734	2877791639
735	1591418378
736	1249998305
737	0485660108
738	4250654395
739	2850708702
740	1342447269
741	4009181120
742	0472100895
743	0359808754
744	4260532649
745	0021671668
746	0616762819
747	0702371910
748	0749621997
749	0259561320
750	3674870695
751	1259699418
752	3448710769
753	1997401372
754	4233700811
755	1121435822
756	1764167733
757	3104629776
758	0176482351
759	1716025282
760	4291187769
761	2023813188
762	4076486355
763	1791440406
764	1346336381
765	0722650552
766	0908217783
767	1040371626
768	3370859265
769	3975960684
770	1929803995
771	1968003198
772	2800526789
773	0817683552
774	2067031103
775	0674243730
776	0129301193
777	0976012692
778	1390539747
779	1245693926
780	4039622157
781	2610022408
782	3243330503
783	3627030138
784	2445194129
785	0668129212
786	1433718763
787	1814570062
788	1150148437
789	0233580720
790	0047391823
791	0223757666
792	0268928345
793	0295907044
794	3131780339
795	1321471414
796	2963286429
797	0360357464
798	2774011351
799	0292180298
800	1802670113
801	1776708364
802	3757386491
803	2105877534
804	0797162725
805	2512374016
806	3795986527
807	0120052274
808	3376870377
809	2348362804
810	4039567875
811	2450589574
812	0744601901
813	2190624936
814	1060606951
815	0146702362
816	0397398193
817	3737915996
818	2803403275
819	4206974958
820	2542222965
821	3936140624
822	0379744367
823	0374465282
824	0708593273
825	1197718916
826	0468069139
827	2435036502
828	2330291389
829	1373488888
830	0808508919
831	3564741354
832	1717531969
833	3948465580
834	2813324571
835	0007978942
836	2123457541
837	1546126752
838	1767177343
839	0448880594
840	4293950729
841	1129833172
842	3539595299
843	4231599910
844	0222577741
845	3349289288
846	1841622023
847	1378400698
848	3316284881
849	2107743484
850	1456231467
851	1183538062
852	1222323605
853	3074859504
854	2147142799
855	2745389218
856	2108463001
857	0814390308
858	0758331699
859	2261658870
860	2664906717
861	1298415512
862	1370799639
863	4137206922
864	3522816609
865	1559986252
866	2982068027
867	4027788126
868	1289591589
869	2518520384
870	3967082655
871	3211048306
872	3438908969
873	3237013876
874	3523413571
875	3080713926
876	1698127725
877	3253287400
878	2852213799
879	2648097626
880	3858152177
881	2046523292
882	1310207563
883	1533947694
884	1666297013
885	2953959056
886	1021589679
887	3417476674
888	2644539577
889	4156541636
890	0152721235
891	3098244246
892	1346216701
893	3375761464
894	3370888759
895	1529853482
896	2861166465
897	1047954156
898	1772724571
899	4063848190
900	1999659589
901	0701001440
902	0195679423
903	1165613842
904	3047833417
905	2037137428
906	3395955811
907	0657303142
908	2852326029
909	0479177352
910	2499071047
911	1227922682
912	2799470609
913	3716260412
914	4202961003
915	4182889166
916	0364035029
917	3844496176
918	0258389199
919	2565315554
920	2170546649
921	3685435748
922	3458434419
923	3819146294
924	2799736349
925	3665502424
926	2564664919
927	1504081866
928	3495396513
929	2742146444
930	3203961723
931	1624535710
932	4266768741
933	3511720832
934	0721148127
935	4050178226
936	2739566697
937	4117882548
938	2629264003
939	3788121606
940	4117710253
941	3602737960
942	0329733223
943	0631129754
944	0446948657
945	1172053212
946	1301811851
947	2485012078
948	2999343861
949	0984362960
950	2106212591
951	0162167170
952	2217929465
953	0787814404
954	2664874899
955	4171133910
956	1317542205
957	3931867512
958	0143834743
959	3177515370
960	0128625089
961	0865433644
962	0624137627
963	1238126142
964	0118071429
965	0450762784
966	1920134399
967	4221146706
968	3810673033
969	3517570388
970	0762488995
971	2992469414
972	0088346829
973	1134197704
974	1327557767
975	2022162490
976	0932500049
977	3836929916
978	3168541867
979	1404799502
980	2975107605
981	1758155888
982	3512130831
983	0274933538
984	1700887577
985	1480930980
986	2713457075
987	0478423926
988	2533108829
989	3053404696
990	2735922839
991	3318967050
992	4174077665
993	0713648844
994	2481104827
995	1862859230
996	3659536293
997	1754850496
998	3457618207
999	2423532530
