000	0943208240
001	3638916374
002	2754101753
003	2531064413
004	3229134815
005	3719639895
006	2895813734
007	2344592680
008	1810912531
009	0112143691
010	1042298379
011	3775569038
012	2692246448
013	2161124489
014	4068806033
015	2476491536
016	4252811586
017	1769333868
018	3121466617
019	3944936262
020	1758963773
021	2613071635
022	2778060204
023	1642989318
024	2813865325
025	1808447655
026	1979239498
027	2881414974
028	1612169664
029	3787622851
030	1845574985
031	2637401746
032	1904871262
033	3894272996
034	2222121346
035	0862305086
036	1041379177
037	1560236079
038	2759216088
039	3925626296
040	0431583754
041	2874237112
042	0128635880
043	1498998802
044	1287366301
045	0679149574
046	3667240651
047	0914977992
048	0049844352
049	3065800873
050	1910767993
051	0079407242
052	1325881753
053	4016547549
054	3896454176
055	2050798562
056	2735642696
057	3842403951
058	3274792467
059	0036895488
060	4111649404
061	4087504127
062	3376791476
063	3019989567
064	2433451662
065	0472746138
066	4056807840
067	3118083882
068	0053182342
069	2860277601
070	0901607004
071	2631527991
072	3057207542
073	2458258820
074	3309742902
075	3417343164
076	0166811565
077	1443417410
078	0714379709
079	1720308852
080	2625797523
081	4233082133
082	0675862965
083	0564841362
084	1461267189
085	0308718678
086	0872436647
087	3992095842
088	1663191655
089	0079621437
090	0277284334
091	3912656218
092	3124039435
093	0917759133
094	0747911372
095	2106244307
096	2428463091
097	1944412147
098	3512963073
099	0760647634
100	0173350130
101	1274617499
102	3159059341
103	1857661439
104	0687884825
105	0942006936
106	1752437951
107	1618949219
108	1215083372
109	1777447096
110	4063757145
111	0730817417
112	2735542197
113	4085140570
114	2973809198
115	1531233003
116	2984066353
117	1136958640
118	3874851251
119	1535771598
120	0948393200
121	2041686774
122	3611670958
123	3549247936
124	1449849558
125	0012213825
126	0486731271
127	0173916133
128	3051030779
129	1702499749
130	4190172587
131	4061404625
132	2921259213
133	0599510214
134	0661523256
135	0306945219
136	3655844755
137	1198111066
138	2978255478
139	2674699237
140	2322452523
141	1298083620
142	2993027613
143	1786188776
144	0008353726
145	3359952248
146	1078235534
147	1356693251
148	4273601365
149	0029681313
150	3658560990
151	0595948683
152	2006425312
153	0669593831
154	1981307068
155	3901115626
156	3978308929
157	2425269130
158	3740192486
159	4260808863
160	4176111090
161	1231995555
162	3346916127
163	0224005349
164	3935479796
165	1519622785
166	1570628752
167	1254803748
168	3114955098
169	3728891065
170	1340653202
171	4262472431
172	2218598979
173	0349210477
174	2562138698
175	0209162866
176	0268444422
177	1214040794
178	0627127970
179	3666651463
180	0289063676
181	3220795302
182	1300094000
183	0394754450
184	0278010073
185	2245663600
186	1121029989
187	1815787357
188	1905453671
189	2377228221
190	1143897100
191	1942614953
192	3768878969
193	2193900768
194	0374956141
195	0866026950
196	3148726112
197	0765317023
198	1803804732
199	0196544317
200	2637242438
201	2337834207
202	3102547309
203	0276166648
204	1056760503
205	2304507305
206	0863966557
207	2507653002
208	1511777105
209	2476704487
210	3486783224
211	0407431533
212	1399903457
213	0812939032
214	2774788736
215	3954797743
216	4257710956
217	1625072983
218	4171936061
219	0762227345
220	3000536063
221	0081678401
222	3334601466
223	0246521648
224	1155755453
225	2172207294
226	1644797454
227	0399719660
228	1967965436
229	3641293881
230	0278203447
231	0640617690
232	0481424437
233	0338556751
234	0372257215
235	4054642780
236	4102713446
237	0342367139
238	3107995490
239	1316158562
240	0930355155
241	3895903683
242	2687783712
243	3489745892
244	3990253137
245	3399485023
246	1348264117
247	4078485884
248	1596058315
249	2992462863
250	4278931829
251	3569768603
252	4176117063
253	1530780106
254	1706649382
255	0238709375
256	3117447181
257	0136586629
258	1829433705
259	3116763770
260	1267650134
261	3018218209
262	3312884894
263	3333984273
264	2990170000
265	1858862860
266	2271990645
267	2868274029
268	3075430280
269	1376984108
270	3812094516
271	3779171160
272	2534917881
273	3755782645
274	0834008348
275	3790374805
276	2998996332
277	0204015260
278	1038813838
279	3639689286
280	0402307208
281	2278618099
282	1833506590
283	4230442703
284	2230326355
285	1553409618
286	0258639530
287	1751633061
288	3369555831
289	2514136868
290	3179909010
291	0013784468
292	1648478118
293	3497908336
294	4179917223
295	1465925644
296	4237819091
297	4161352816
298	2895297810
299	0847705730
300	2034986579
301	2611862131
302	4266413254
303	1202647343
304	2372300380
305	3177388504
306	1460698531
307	1505504921
308	1084615246
309	1677350600
310	0943968291
311	0994675298
312	4105694606
313	3894420634
314	0948464912
315	2411065315
316	2557626029
317	0878889376
318	3488198066
319	3005265285
320	3882685749
321	2036438562
322	1895036882
323	3352871202
324	1641858375
325	1367600014
326	1440874325
327	1204818375
328	0581505569
329	3899383666
330	1458771015
331	2290734940
332	3043573586
333	1816446323
334	4138931713
335	3517850271
336	2401068426
337	3128488743
338	3551310567
339	1254928038
340	3190930462
341	3777453113
342	3086133520
343	3295066578
344	1079367799
345	3753379895
346	1856360598
347	2768520806
348	2664154149
349	0511871309
350	2265753402
351	3265519576
352	1126492836
353	0915747440
354	1131201287
355	1241553446
356	0497127647
357	2634189620
358	2166833082
359	0776996324
360	3268352135
361	2854913404
362	0701317060
363	0872910609
364	1069528087
365	2014488328
366	2540379808
367	3590707017
368	2581000789
369	1651254515
370	1704036931
371	0198334512
372	1748436730
373	1905623317
374	0076403076
375	3536608643
376	2116151746
377	3467185577
378	0932779436
379	3750206342
380	3206643153
381	4244558110
382	0673318119
383	1072708238
384	1681649807
385	2835722206
386	1118837165
387	3097559160
388	3410477171
389	3900026352
390	2387034277
391	3364152017
392	2117548939
393	2700967075
394	3355140704
395	2542536166
396	2712298709
397	2719876052
398	3923863624
399	1199658601
400	0038539025
401	3484109599
402	1942408426
403	2427503924
404	0243143794
405	2165011916
406	0424113260
407	1041093515
408	3422503507
409	3400737892
410	2670464287
411	3234991335
412	0037258223
413	3902460555
414	0819915368
415	1315503849
416	1139868498
417	4292792401
418	1683870895
419	1065349144
420	2675728728
421	1080834499
422	0114577640
423	2615495595
424	3071327296
425	1474943199
426	2529082808
427	4162279706
428	0731572173
429	4137193578
430	3916124528
431	2016365053
432	1427855382
433	1301682622
434	3102831072
435	0853583676
436	4068925472
437	2530866004
438	2028096530
439	1487920019
440	3467711180
441	2470420533
442	1423184733
443	0286867258
444	0853969195
445	0850569583
446	0148821302
447	0163356526
448	1059442778
449	1312393659
450	1431692896
451	1981365061
452	2704955315
453	1267261000
454	3791009632
455	1807143024
456	0247968931
457	2969696939
458	4020192354
459	0684342999
460	1371217284
461	3135630997
462	1709820280
463	1075927692
464	1670537380
465	0620124307
466	1861146301
467	2021877036
468	1993645991
469	3440401938
470	3804379663
471	0905250964
472	0659039327
473	2391685979
474	1717021206
475	1325852143
476	2338047505
477	3217413073
478	3957387265
479	1261208895
480	1244139982
481	1751077556
482	2220628065
483	3263604288
484	2969119749
485	2788838328
486	1880385703
487	0678329682
488	0161825131
489	0165248520
490	3347836901
491	2900538366
492	1218872783
493	1089326964
494	1436613908
495	2622817564
496	1501286315
497	3556033229
498	2284607847
499	1914263186
500	1823199864
501	3595049760
502	1574275714
503	2836504203
504	0954177493
505	2307420470
506	0553327764
507	3797729928
508	3151096744
509	2954237808
510	0605540000
511	3889682968
512	3779119665
513	3480257345
514	3251338676
515	2039636052
516	2982756077
517	0573817761
518	2021747434
519	0545801095
520	0837556197
521	1765708131
522	3599854730
523	0261877615
524	1237817351
525	2965350447
526	2093392866
527	1260638590
528	0884676667
529	0953400680
530	3250584316
531	3961147384
532	0041819747
533	2930519355
534	3205784790
535	1074326743
536	2207107570
537	3803190559
538	3152856830
539	1589422763
540	2519864722
541	1354039715
542	0556363340
543	1781348492
544	2521569746
545	0400863327
546	1195664851
547	0927813171
548	4122593330
549	3924828176
550	3661049656
551	0386625866
552	1771659283
553	0787406569
554	2004475928
555	3834565483
556	3595414635
557	3529020181
558	0640686399
559	0138213527
560	2923229268
561	0997094309
562	1576997556
563	3112068322
564	1303043297
565	2588900771
566	2483632302
567	2314448026
568	0051889823
569	2117050531
570	0150956367
571	1824442817
572	3319253878
573	0818057476
574	1281894604
575	3311910050
576	3121749385
577	1585166043
578	3068456178
579	0464358813
580	1092643572
581	3220763418
582	3850196600
583	3791078419
584	4032657446
585	1514232326
586	1150145913
587	3451691497
588	1609025378
589	4262657133
590	2481255664
591	2276907541
592	0495624698
593	3595674318
594	3557562398
595	3124053776
596	3690094911
597	1995312673
598	3143196901
599	1162578122
600	1391504340
601	3931765328
602	1333139754
603	4241165367
604	1252006626
605	3107161862
606	3402217477
607	0676263436
608	1943135789
609	1417094998
610	0588165481
611	2419866751
612	4054008252
613	3817562094
614	2367003712
615	0225335101
616	0613396045
617	1002193083
618	4048193315
619	0924329263
620	2035168399
621	3760346326
622	2080217363
623	1913278121
624	3567843387
625	4137212351
626	1002191270
627	2700301399
628	4036815458
629	1818781723
630	0915457549
631	0119112769
632	2891860832
633	4002383343
634	2206060610
635	2157342572
636	3390020177
637	2788941698
638	3861189153
639	2513241758
640	0760827511
641	1965900038
642	3864392762
643	0315630450
644	0447226557
645	2304453527
646	3625775866
647	2738965601
648	4274444607
649	4057298946
650	2590232494
651	2079458193
652	0590286542
653	2185444021
654	2752174509
655	3083350229
656	3592480552
657	2413029315
658	0125096478
659	3014075183
660	0679734100
661	3158370464
662	0217834916
663	1531768380
664	4104591780
665	3066871455
666	3285647588
667	0785102897
668	1238902019
669	1400302748
670	2376703008
671	2635118732
672	1817649526
673	2516451894
674	4214805685
675	3100627087
676	1259180643
677	2185255676
678	4041467662
679	4012501349
680	0111509950
681	0456286559
682	1795421702
683	4286256106
684	4205286895
685	1430858794
686	0483844861
687	1596971003
688	3347025106
689	2885062312
690	0829400172
691	4202320016
692	2478840334
693	3768132146
694	2238942072
695	2960964141
696	2431310470
697	2171534661
698	0693077266
699	1303715804
700	2241078595
701	0588329389
702	2204613088
703	0212235629
704	1246584025
705	2691561117
706	0771901738
707	3535698980
708	1630702621
709	0633864808
710	3501456494
711	0074248547
712	0016743883
713	0364948805
714	3501237412
715	1233408364
716	1945952023
717	1469543552
718	1795137030
719	2048341480
720	2593327757
721	3560423866
722	3348558289
723	3445809627
724	2097414493
725	1303911621
726	1482449656
727	0386191609
728	2468977401
729	0332991157
730	1617653092
731	3624497689
732	2043332311
733	0966274278
734	1690149251
735	4203212096
736	2056921720
737	0453306377
738	0306847239
739	4057614203
740	3948689944
741	1537350853
742	3777491061
743	3758814974
744	2714261943
745	1949215566
746	4223358804
747	4241669939
748	4021114439
749	1834853596
750	3523169014
751	0018783846
752	2421921995
753	1918643318
754	0658200394
755	3375616638
756	1978129457
757	3413231751
758	0215179305
759	0679866101
760	1723666101
761	4127207941
762	0944734473
763	3130051944
764	2556575869
765	1049212731
766	1159959426
767	3455664113
768	0774313508
769	3330052191
770	3094947461
771	3231965642
772	2920904078
773	0831048366
774	0315819831
775	2597014844
776	3308196105
777	0632154741
778	0402636275
779	1398882088
780	4177291916
781	3474196280
782	0669017492
783	0913386143
784	2530947271
785	3632385018
786	2271806220
787	2296350977
788	4053697154
789	1480905081
790	0152798886
791	3732320827
792	0317146823
793	0565068350
794	1130319980
795	0900507601
796	3418580827
797	1801102312
798	2686663321
799	2025545248
800	1873455429
801	1247076396
802	1501343879
803	1180001872
804	3658548687
805	0404132294
806	0409146512
807	1981189861
808	1274967730
809	0699604440
810	3974673771
811	0838296785
812	1168639110
813	2245377789
814	2454662238
815	1839452458
816	1667432544
817	1205283916
818	2081082442
819	0050057645
820	1278672813
821	4292981868
822	2379095425
823	2171006869
824	3375438826
825	2299876776
826	0344380185
827	3248137674
828	2404418152
829	2487504138
830	1069724061
831	4020696595
832	3413059703
833	0866347664
834	1492790098
835	3288201081
836	1501012753
837	1304711371
838	1663030964
839	2485672567
840	1853151988
841	2850936895
842	0735447103
843	2732795680
844	0584407313
845	0720590010
846	0313885802
847	0421716195
848	3357774508
849	0030080373
850	4008322297
851	3279109657
852	3856182977
853	3093216107
854	1410147146
855	0845771167
856	4012898018
857	2506463436
858	2885857962
859	2418165554
860	1803253930
861	1768688321
862	4195666411
863	1470484627
864	3723055310
865	3052209516
866	3000988267
867	1274536782
868	0273240002
869	0697806538
870	1890389219
871	0925286368
872	0835578865
873	2188998967
874	1822810574
875	3245990262
876	2333820555
877	2360131051
878	4184120519
879	4210715634
880	0075156127
881	2110435675
882	0150730595
883	1000094910
884	3033678217
885	0128374882
886	3954534270
887	2589369617
888	3126255946
889	2110426731
890	3187175514
891	1971987945
892	1164081545
893	3684852758
894	0835390909
895	3385188177
896	3292418074
897	1487579067
898	1448043116
899	0565923183
900	3471386052
901	3039508620
902	1019388317
903	2938689741
904	0377799908
905	2169048545
906	1339354141
907	1996142789
908	2906879130
909	1025534259
910	0323200793
911	1323586625
912	2288687980
913	2493030718
914	0972338543
915	1365297805
916	0371952285
917	1981603106
918	0555195618
919	3881260240
920	3191366192
921	3275606583
922	1238940289
923	3953611853
924	2257505232
925	0161929899
926	0972921300
927	3479630591
928	1339430260
929	2881462738
930	1024952119
931	3970098457
932	1548875094
933	3356912234
934	2132954764
935	1391146977
936	1667834872
937	0969575820
938	1228536542
939	0331175829
940	2022703231
941	4274464096
942	3769923039
943	2566530666
944	4152320939
945	0764649986
946	2817083857
947	2615673208
948	2443301333
949	1155476151
950	1388976628
951	1843508209
952	0357465732
953	1094769155
954	3892106819
955	0893856245
956	0748037233
957	4107448001
958	2850061107
959	3244911509
960	1480880171
961	1602490952
962	4110838415
963	2528534284
964	2310485281
965	0882593648
966	0958666887
967	3999051643
968	4213676146
969	3579052743
970	3675577335
971	2703684097
972	1281429376
973	0587541079
974	2597098572
975	3759244417
976	0760513751
977	2339209180
978	0274060798
979	1235411388
980	2469962334
981	2452548809
982	2465952390
983	0917353205
984	3500810374
985	4188061158
986	4279703269
987	1163708317
988	3023904130
989	1584084577
990	0448696573
991	2132077232
992	2223312867
993	2469827887
994	0926914903
995	1594726860
996	4155926565
997	0252049853
998	3446427359
999	2386699471
