000	0000000000
001	2981738657
002	1187727733
003	4026628909
004	0657926535
005	0270492849
006	0714140984
007	4121717944
008	2742247617
009	2541532565
010	2242995862
011	0930977392
012	2875726254
013	3288590054
014	1702024555
015	2730194735
016	2420493588
017	2801294829
018	1293865606
019	0531494018
020	2511452117
021	2190392190
022	1661956323
023	2801587670
024	0221990815
025	3411464542
026	2934258526
027	0310139612
028	1699667084
029	1605132938
030	3312464245
031	1843651192
032	1582089795
033	3619964443
034	2590005824
035	0954277200
036	3195980495
037	1227522926
038	2302239771
039	3398271699
040	1559762762
041	1334224260
042	0621409036
043	2292319238
044	3721690985
045	2554644860
046	3706134150
047	2661158127
048	3147113608
049	2862170628
050	0870583903
051	4226557972
052	3484826868
053	2227035424
054	2176723511
055	1731965683
056	2443250561
057	0145422588
058	3400849183
059	4090985466
060	0504695524
061	2474918581
062	2237509273
063	1809681386
064	1407592515
065	2851909465
066	1049344029
067	1346946212
068	0894387002
069	2338974955
070	1856588757
071	2402813253
072	2054789740
073	0569152783
074	0423698537
075	2103500882
076	0409825859
077	1374230430
078	1009011253
079	2532167477
080	2057726097
081	3125476007
082	3942747556
083	4041550834
084	2102547396
085	1394487533
086	3780342861
087	0266477644
088	1010316092
089	0913418819
090	3667955562
091	1887632723
092	3840568279
093	0762729521
094	0267352479
095	0816229696
096	3704880915
097	2681607703
098	1263310224
099	0389097867
100	3112835394
101	0912333180
102	1492269170
103	2396890740
104	0932085778
105	4065166339
106	1389380326
107	1743357170
108	0812313435
109	4148496254
110	2331623168
111	2185207228
112	1711922761
113	3608719885
114	3362265798
115	3677521081
116	2242106039
117	1569746360
118	1909605633
119	4114821610
120	3423168879
121	3599644831
122	4290649867
123	4140516869
124	3736219438
125	0046231119
126	1797194334
127	1222656061
128	0844414831
129	3561869187
130	1224732970
131	4229341581
132	3091128081
133	1574302450
134	4181558060
135	1305926032
136	1854228975
137	1084425444
138	2734852019
139	1920808962
140	3680532282
141	0546305710
142	2851530707
143	3994816254
144	0457590181
145	3837242857
146	1255376877
147	1491635965
148	0092620696
149	0221363941
150	1671588721
151	1952852162
152	2916077163
153	3445989735
154	2175617404
155	1420177242
156	4047270628
157	0777138038
158	1083815772
159	3378832979
160	2559719867
161	0553886444
162	1816194977
163	2998361393
164	0786814216
165	2065292450
166	0621856407
167	1858730503
168	4099170192
169	3041282198
170	3397303951
171	0158682342
172	3298011741
173	2644826840
174	0798429675
175	1984503942
176	0809778579
177	1385458536
178	0480795422
179	3991904016
180	3330830502
181	0930621943
182	4229753555
183	3466071471
184	3244676988
185	2802580359
186	0500452704
187	2931093003
188	1493385448
189	3815580150
190	2257261447
191	4282427283
192	2974823965
193	2193138003
194	1250987175
195	3169056712
196	4276904764
197	0754793255
198	0509750118
199	1991291448
200	1476474265
201	3493971069
202	2102643414
203	2587274148
204	0224155984
205	0912718258
206	3789626775
207	4133282425
208	2397296050
209	0954560311
210	1650377394
211	1536428064
212	1867219496
213	2809553472
214	1046723055
215	1184308978
216	1552179527
217	0494994287
218	3442435007
219	3066109634
220	0186127612
221	3085191785
222	1557778165
223	1546287964
224	3374208374
225	2629633133
226	3560056400
227	0019460584
228	1246848202
229	1888649307
230	3714128005
231	3074626019
232	0582780172
233	2859061439
234	0412746780
235	3674983019
236	0315771289
237	1235695710
238	3907240923
239	1666585641
240	1369039108
241	2977274691
242	1636088393
243	2852129693
244	0629924942
245	0148913368
246	3902284534
247	0091055809
248	3586540178
249	3729929038
250	0881530029
251	3728245603
252	4197319822
253	4285161258
254	2002152244
255	2839022348
256	4000848794
257	0614139270
258	0426374451
259	1530138473
260	1221075062
261	1053838233
262	0831271173
263	3040462863
264	2103460903
265	3725074061
266	3827971023
267	1813103043
268	2124864195
269	2332796162
270	0542039271
271	2262614328
272	1828338615
273	1208178232
274	1452104256
275	2700367429
276	3361617821
277	0089941672
278	3168258426
279	2797606908
280	1427451570
281	0471750872
282	3352899603
283	2588007388
284	2570535222
285	0355753092
286	4091864675
287	1346253585
288	0587377180
289	3002347540
290	0862739858
291	3525040112
292	1296584691
293	2519138470
294	3765379219
295	4161254414
296	4172731189
297	0379969663
298	0053331051
299	2891710852
300	3784345991
301	3546298621
302	1865638898
303	0092091538
304	0664720950
305	1580191526
306	1438534519
307	2947003060
308	1315962876
309	0317509884
310	2198656600
311	0976302871
312	3818854943
313	3542631186
314	1250681150
315	0114020321
316	3500199936
317	2408157422
318	2994270835
319	1045969475
320	1208074076
321	3011743949
322	2957056737
323	2119846505
324	0108549008
325	3993170751
326	1715148203
327	3655528597
328	2932706324
329	3313615794
330	0066019372
331	3382020235
332	1998249812
333	1155884409
334	2484416820
335	2028143407
336	3037021827
337	0299272069
338	0136589197
339	4207586539
340	2186209624
341	2497322633
342	2782244844
343	2991167863
344	0027904955
345	4293177348
346	2721202968
347	0216352204
348	3568316324
349	0702105839
350	0053542312
351	1492026884
352	3163241787
353	1884382966
354	3925354187
355	3450387652
356	1847160901
357	3361078353
358	4107114973
359	3905373986
360	1044219468
361	2239105620
362	3697421482
363	2387894636
364	1711156950
365	1831164823
366	1128054197
367	2827187572
368	0253032201
369	2119489288
370	2966609580
371	3205958513
372	2113325785
373	4108142610
374	3046331482
375	2808388710
376	0567982817
377	0362921696
378	0842385335
379	0509173339
380	1177018810
381	0686225423
382	2776653157
383	2550139271
384	3842030636
385	1203529364
386	2484861362
387	1285818481
388	1590816873
389	3203872743
390	1829982353
391	0468776265
392	1810874393
393	0471893825
394	1509905407
395	1646834470
396	1174133907
397	3621456867
398	2131829446
399	2987901598
400	3300882835
401	2455075385
402	0221033313
403	3833097196
404	3844456508
405	3939327509
406	2381070270
407	0816519818
408	1637133295
409	2383928045
410	2722090794
411	3958135000
412	3505589446
413	1015643797
414	1161169460
415	0051691378
416	3537272612
417	2427805916
418	1307038815
419	0695442606
420	2446496510
421	0259878126
422	1539390259
423	4198931263
424	2991223086
425	2482801663
426	1282721335
427	1530729936
428	3337802351
429	0746477056
430	2120564114
431	2890225801
432	1590843284
433	4243353597
434	1008297823
435	2808419421
436	0748397769
437	3243000121
438	2976299040
439	3583125786
440	3917072974
441	2102546863
442	2050123701
443	0866565305
444	1103278427
445	4001363523
446	2608868369
447	2803649030
448	1672188091
449	1205715648
450	1997152081
451	1293193275
452	0524820927
453	3138697730
454	2956015960
455	1951770323
456	0757861538
457	3589871165
458	4001390490
459	3023214913
460	1755957505
461	4255308341
462	3372591389
463	3053028964
464	1543610497
465	3963951121
466	1464415353
467	2855527687
468	1524966331
469	2806044206
470	3301824260
471	3888382960
472	3955569026
473	0889815161
474	3003082947
475	0372200150
476	3165632395
477	3785858299
478	0735105457
479	1699443293
480	2977416501
481	1312779846
482	2031055665
483	0062268861
484	1497744012
485	2772455851
486	1137021850
487	0600082243
488	4054357714
489	3198603803
490	3284493888
491	0354151991
492	3305588802
493	4293115634
494	3880470370
495	1135133508
496	1830637990
497	0642518934
498	1838827563
499	2456402006
500	3365383926
501	2693639875
502	0684809294
503	3298107868
504	0744667342
505	1522187090
506	3277001532
507	3513274026
508	3134625191
509	0662836606
510	1302721328
511	3933125521
512	2257526236
513	0448188013
514	3650843662
515	4209274919
516	3782832550
517	3472047111
518	0011600742
519	4218671737
520	0964806008
521	2009670191
522	3784719313
523	1645730267
524	3896991376
525	3186658302
526	0941329529
527	2258319352
528	1951475627
529	2397014430
530	4141039802
531	2009697801
532	0699518864
533	0954593594
534	1699907744
535	1393119630
536	3457488668
537	2393781025
538	0386420674
539	1095569155
540	4105938879
541	3403056254
542	0442203009
543	0995771359
544	1173927221
545	2033213933
546	2119427449
547	1588412367
548	4020767354
549	1236499269
550	3671773929
551	4163349807
552	3258879759
553	0538963460
554	3009673901
555	2097568917
556	4286379129
557	2767607746
558	2944840983
559	0652073592
560	0006881818
561	4185076943
562	2072865928
563	1905984468
564	0119807322
565	2914661703
566	1471888389
567	0488238691
568	0494348148
569	1942031926
570	0666369035
571	0730045452
572	1073340277
573	0665454781
574	1313611622
575	2429929225
576	3359974833
577	3290619653
578	0003154931
579	1625646485
580	3366782809
581	3507336485
582	2239488483
583	1230482216
584	1871005604
585	1219892745
586	0413900522
587	4133263762
588	3684027314
589	3918241701
590	2199947136
591	3897118420
592	0639315270
593	3191297171
594	1426025250
595	4039816497
596	2712843903
597	0618568265
598	2367157327
599	1932681135
600	3929009242
601	3376726960
602	2939198381
603	2559940660
604	2385917457
605	4077515037
606	1466817006
607	3986895227
608	4189970742
609	4015677276
610	3359865880
611	3364496408
612	1183700842
613	1571776136
614	1213153048
615	2389270640
616	0781449018
617	3368768000
618	1849176982
619	2059148070
620	1106057225
621	0320936023
622	2725548525
623	0731152877
624	2650109488
625	0248995891
626	2388236466
627	0677152794
628	0162370462
629	0022162761
630	0902450459
631	2363260740
632	2194683684
633	0378838286
634	0443364128
635	4095643773
636	2744834316
637	2104697646
638	0018455392
639	0900204751
640	2299610793
641	0050230891
642	3647065713
643	3120644446
644	4013841599
645	3044922545
646	2831351546
647	3085746631
648	1515970116
649	2107659109
650	3599487162
651	0639980738
652	2446460629
653	4161328729
654	2241059916
655	2566744264
656	2445173009
657	3353440481
658	4037527081
659	2466730770
660	0722813651
661	0548065134
662	3606463950
663	1199898895
664	2899239216
665	3584331517
666	3796438176
667	3008163488
668	1767706737
669	3047164405
670	0114832698
671	2306072683
672	1349498258
673	0881727153
674	0284903253
675	3005296554
676	2049034463
677	2362588346
678	1861882806
679	1746795958
680	3388470636
681	0041588485
682	2344004312
683	0488772456
684	3751019210
685	1674674199
686	0397719964
687	0629373972
688	0926711433
689	1135029053
690	2295404393
691	1532253841
692	3315300487
693	1662489635
694	2406989707
695	3978958653
696	1684488697
697	3463090151
698	0027625031
699	3727001826
700	2688634900
701	0314130876
702	3789238348
703	1506010647
704	3538753845
705	1940228088
706	3389990541
707	2982422828
708	1837810556
709	0597234713
710	0590024522
711	0746063644
712	3272589749
713	2608588317
714	1898458124
715	1749304017
716	1113205610
717	0676837366
718	2237118443
719	3288247540
720	2373252658
721	3011555195
722	3030800518
723	1055240517
724	2551907625
725	2615054483
726	2260433018
727	3627672690
728	0025365836
729	4146510065
730	3206722588
731	0658425867
732	1044985969
733	0861066044
734	1430318771
735	0800833491
736	2259133668
737	1145616514
738	0584696295
739	2600119305
740	3740425946
741	0930632014
742	0918968440
743	1588873268
744	3826985386
745	2434375964
746	3415599187
747	2774798130
748	0471985886
749	2611950535
750	2006433169
751	0899636770
752	0739915228
753	4062576001
754	3891552862
755	4283767717
756	1413675994
757	0369699831
758	3021120688
759	3861533051
760	0834751281
761	3716985141
762	1972441170
763	3857807822
764	1164683471
765	2544315779
766	0526389661
767	3995221606
768	0478737239
769	0373470291
770	3866643812
771	1671011378
772	1386558422
773	0750655057
774	1488441135
775	0725129668
776	3498933544
777	2428074738
778	0296977238
779	0162511972
780	4154682760
781	3307768751
782	0902214140
783	1204589139
784	0280610860
785	2422454886
786	1639117164
787	2095304033
788	2548879534
789	3491958740
790	3777556826
791	2246808555
792	2449589238
793	2724252407
794	0272008397
795	2183555111
796	1787299620
797	3076770808
798	3250870121
799	1003110902
800	3638510991
801	1119882808
802	0345434402
803	1849996740
804	1884743501
805	2147116692
806	2576231875
807	1413557017
808	0914889668
809	3864752398
810	3136219120
811	3920832992
812	1871735192
813	2594847976
814	0746951571
815	2467066086
816	3336508024
817	2618325382
818	4180533848
819	0539033986
820	0611111052
821	0316421398
822	3034709342
823	2297372196
824	1556735766
825	1837919143
826	0772491386
827	1787734400
828	1313102624
829	3766768778
830	2816409074
831	1538034360
832	2458033778
833	0397531088
834	2019271861
835	3655639187
836	1920103698
837	2774905112
838	2645495333
839	3421627433
840	3198963795
841	2482992750
842	2763600330
843	0678222715
844	2475442319
845	2119785740
846	0941411682
847	2619154356
848	3678677055
849	1578254445
850	0418582282
851	0258907662
852	0883903928
853	4009949333
854	3088943702
855	4215307823
856	0812201932
857	1152484349
858	4079042713
859	3414063822
860	1360772868
861	0628970114
862	1840354302
863	2351483837
864	3045400775
865	0058069081
866	3452430801
867	4105447426
868	0245206054
869	4258710585
870	3036830933
871	0207139793
872	0592917914
873	0795505341
874	0333241655
875	0160048580
876	3046562123
877	3698186640
878	0802940393
879	2695897851
880	1748297270
881	3135454889
882	1059796706
883	3766771499
884	2158694247
885	0374713391
886	3116567093
887	4274550768
888	0301125136
889	3999246201
890	2451658497
891	4118431487
892	4171360993
893	2671224081
894	0108992155
895	2251804859
896	0200684867
897	1562050800
898	3107500366
899	3294056412
900	0418299420
901	3015463088
902	0695835006
903	4079921735
904	1660435301
905	0140095626
906	0789557114
907	2890923768
908	2286172809
909	1921821144
910	2082027906
911	1499471915
912	0365469342
913	0327495020
914	4061843674
915	3896725077
916	2048312889
917	3113382999
918	2268820288
919	1691494606
920	3650692655
921	3273908941
922	2987596436
923	3137407918
924	0041845778
925	1503050430
926	1016480355
927	1129193037
928	3647469823
929	2083254086
930	1649838480
931	0216832561
932	1872459943
933	2554352525
934	2342558318
935	0561049462
936	0361038523
937	0055944566
938	0956619551
939	3312953845
940	0695157816
941	2231796636
942	1161484723
943	1387103461
944	2962648668
945	2299375536
946	3055543948
947	3458865871
948	1170761723
949	1024494660
950	2541669177
951	3430573422
952	2850329820
953	1173199832
954	2584406386
955	4246062890
956	3153242748
957	4153154451
958	2046331203
959	0048963627
960	1696533346
961	3189910368
962	3880098480
963	3944993575
964	4020015081
965	2815591975
966	3706535171
967	0339615138
968	0935600035
969	0755275252
970	2504482189
971	1191181939
972	1317938984
973	2371845306
974	2786438148
975	4240030153
976	0604187374
977	2770230047
978	2849656101
979	3540981595
980	1561302564
981	3395197285
982	0074016178
983	0265520801
984	1125137163
985	1687178186
986	1818125146
987	1717700192
988	2696712116
989	0671154359
990	0718076708
991	1805163035
992	0065175519
993	2006445653
994	4115162570
995	2130825834
996	3481769170
997	0845190257
998	3532746466
999	3865638915
