000	0751403524
001	1554114364
002	2937183934
003	0374701670
004	0704711918
005	0753755356
006	4236991300
007	1407578780
008	1159997403
009	0867199311
010	3362563505
011	2687410471
012	3129570446
013	2178790864
014	4134118274
015	0459462765
016	2941319769
017	0881958479
018	1734434380
019	3714314811
020	0866747697
021	0518162066
022	0159229680
023	1517028495
024	0204695063
025	2834531774
026	1896076633
027	3743325476
028	1872365836
029	2485039867
030	4195793401
031	2381281336
032	3415703685
033	3380265847
034	1711211267
035	2694059855
036	1879358960
037	2453518631
038	2496530651
039	0551746280
040	3807917729
041	2957777641
042	0140676294
043	0568713795
044	0185783801
045	1469106081
046	2941095315
047	0745044607
048	0720303976
049	1762736358
050	3012370983
051	2848181067
052	3876337670
053	2389517289
054	1851126580
055	1967037450
056	1267022711
057	0575434493
058	3222659915
059	2621902561
060	0082491476
061	0059847083
062	0140920139
063	1247969060
064	3774838622
065	2064938002
066	3784895147
067	3340075901
068	2776568526
069	0286797284
070	4017986289
071	0519772492
072	4254671427
073	0979191503
074	0289050904
075	1120011024
076	0998300778
077	0043239918
078	2995637610
079	3995103513
080	2163895345
081	3582007358
082	3683156233
083	1759997083
084	1382628208
085	4153311124
086	2389941988
087	0786405011
088	0648909460
089	1403712503
090	1875402157
091	2086240811
092	0251467073
093	2276154306
094	0256297382
095	3018431578
096	2543785421
097	0703036283
098	0335581220
099	1614405839
100	1528953445
101	4159143087
102	0840198350
103	2922228310
104	2410633532
105	1951161229
106	0390349906
107	0001329838
108	3213960497
109	3132033767
110	0706173911
111	2863715298
112	0872181836
113	4220512301
114	0457133278
115	1777694992
116	2607773015
117	1437635381
118	1717583827
119	3316119905
120	1848028058
121	1044212373
122	3498851970
123	4117281415
124	3048102473
125	1661223391
126	2940208323
127	0003038415
128	0485302304
129	3779513355
130	1954809461
131	1959011790
132	4011051963
133	0877586173
134	2473915538
135	0590934895
136	1121650614
137	0717053919
138	0323960752
139	4057305585
140	3890316392
141	1734083483
142	0029826794
143	3664003611
144	1170783046
145	3390627716
146	0694986729
147	4282614724
148	1630410046
149	2215467491
150	0510877776
151	2527751823
152	3552894053
153	1967720641
154	2483340361
155	3333068269
156	3664506640
157	1860145658
158	1411428055
159	0984508520
160	4051307099
161	1051305793
162	1008963014
163	1909698526
164	2749183985
165	3265570383
166	1340438393
167	2037140013
168	3050693614
169	1015705440
170	1882190526
171	4265275498
172	1728643739
173	0377036166
174	2654001228
175	3927692122
176	0906867410
177	1773737188
178	4289732598
179	0323328614
180	3130021387
181	4259670133
182	2562963907
183	0443304280
184	2103570758
185	3226677507
186	2373271124
187	3738280431
188	2122742743
189	2832426607
190	2887255173
191	0687314463
192	2532236209
193	1695285151
194	2526459414
195	4244974581
196	3291667923
197	0514229525
198	1151949158
199	3349326572
200	0527673197
201	2583823443
202	3420022236
203	0887538370
204	3349201058
205	0969512571
206	0568513073
207	1624202268
208	2653997496
209	4272036691
210	0190381837
211	1617300271
212	1234587591
213	3585657406
214	0670094971
215	1585003126
216	4083322824
217	2380899875
218	3719078764
219	2952267961
220	0856899360
221	3278648833
222	0007441096
223	3077545468
224	3994571335
225	3826528325
226	2063854257
227	2732041831
228	0565898988
229	4200811391
230	3691585187
231	3813606849
232	4228893502
233	2062017259
234	2375520234
235	1674937885
236	0629145168
237	3557116949
238	0354517271
239	0434037044
240	2430141026
241	0944809395
242	1308999191
243	2557906905
244	2108583714
245	1396440954
246	1782987149
247	3902946122
248	1078950824
249	0996475331
250	1532097397
251	2868979493
252	4160630848
253	2618637457
254	2388161779
255	3774864341
256	2620437054
257	0017197077
258	2128906009
259	2456675189
260	1775868299
261	3458283123
262	1509152081
263	4209480033
264	3027735096
265	3316638682
266	3752225028
267	4235663358
268	1705219214
269	4121718424
270	3319528801
271	3846676579
272	3390240421
273	3922776254
274	0129077429
275	1519943207
276	3499753600
277	0280684721
278	0556792659
279	4232702403
280	2865947327
281	2899880835
282	2949605211
283	3434926913
284	3367492139
285	1678460773
286	0772807935
287	0090188211
288	1086070245
289	0049160854
290	3550819278
291	0910665096
292	3454640369
293	1126915954
294	1485540861
295	0379399382
296	4090636888
297	3270516194
298	2683269858
299	3760408008
300	3420269546
301	2348730405
302	2505459982
303	3724416639
304	2888934626
305	0998849770
306	2676617688
307	3912130255
308	2132801929
309	1001586150
310	3297067116
311	3551603322
312	2268762480
313	1609166491
314	2212038976
315	0896685541
316	1515789124
317	1916169532
318	0478113264
319	2513840492
320	3607455939
321	1909238658
322	2220762321
323	2725411333
324	1306190063
325	0555511293
326	2551335498
327	0175519809
328	2873884817
329	3089365017
330	3377172402
331	3580724743
332	3061121909
333	1680592561
334	2450177239
335	3134787411
336	3637978697
337	2945144086
338	2627792388
339	2240153224
340	4129007595
341	0629632639
342	1031236934
343	3685989346
344	3855912800
345	1305575671
346	1353675924
347	4083178614
348	0856316026
349	3939450352
350	1284066684
351	0915945499
352	3143092680
353	0176154243
354	2035470335
355	3438255746
356	0833450916
357	0614445933
358	1579695920
359	1555679967
360	1677469211
361	2379911640
362	0160082035
363	2281366257
364	0370161035
365	3618933234
366	1311499243
367	2176372251
368	2414153299
369	0211200372
370	2655609132
371	1067611606
372	1692963772
373	3524730883
374	3512018444
375	3748466788
376	0002631999
377	2666708855
378	4048353020
379	4261961553
380	0704631662
381	2130833757
382	2449815689
383	2770990072
384	0617351354
385	3289863082
386	3475329195
387	2988867374
388	1175134478
389	1455551682
390	0514443172
391	0069708531
392	3662573420
393	2966916058
394	3446119416
395	2296339152
396	3996861681
397	3244812297
398	2718695580
399	3224450672
400	3223297789
401	0668246825
402	1399012647
403	4245888238
404	0876054399
405	3382450131
406	0096226935
407	2085561064
408	0888090728
409	3141610792
410	2782700306
411	1856814705
412	1828205281
413	3201729230
414	3128613137
415	4091362218
416	2763342768
417	2635893444
418	1117585572
419	2873388238
420	0651104412
421	1685005426
422	1867393867
423	2116187999
424	1792703498
425	4087536656
426	3206329373
427	0046846192
428	2081001539
429	0378294775
430	2310906701
431	1802460897
432	0487567032
433	3235045933
434	1826300498
435	3395796059
436	1912501771
437	0984957877
438	2466407255
439	1683706710
440	3666597985
441	3518491520
442	2531819014
443	0167241618
444	1328847217
445	3442405219
446	0598366695
447	3967298780
448	3775225496
449	0370239804
450	3857450940
451	3785932608
452	0541311371
453	3496599613
454	1924396725
455	3983350065
456	3835559540
457	1757183954
458	0509529722
459	3496203324
460	3157110733
461	3718313279
462	4048864030
463	4121100014
464	3900298261
465	2991149753
466	2326101622
467	1835681525
468	1998198877
469	0737883847
470	2991626832
471	3560514890
472	0528552029
473	0860702834
474	0310107970
475	2654985601
476	2167269526
477	1085501668
478	0147191440
479	2245696385
480	2639532727
481	1010478046
482	1277115396
483	2382888488
484	0018003801
485	2684483607
486	2751572801
487	1871596796
488	2850057713
489	1082146554
490	2844561655
491	3526223685
492	2229689858
493	3161230908
494	1609295190
495	2444455766
496	1089183387
497	3595314733
498	3424844676
499	3028935620
500	2177138203
501	4278997502
502	3190237706
503	2242824283
504	3806035416
505	0418862613
506	0587574153
507	4039590309
508	1640577029
509	0815920484
510	2478251549
511	3923364202
512	2447270231
513	1180736865
514	0772872698
515	3055672703
516	1901274096
517	0270158247
518	0743396894
519	0751346252
520	4182593697
521	3065271440
522	3260333423
523	2925891942
524	3875347193
525	0082421243
526	1675638115
527	2923792035
528	2890140775
529	2490016566
530	2354236915
531	2022156222
532	4032484999
533	0107228209
534	1844544774
535	0172792786
536	0633292518
537	1798604209
538	3088569031
539	1534409395
540	1480627961
541	4223879142
542	2818392398
543	3756549745
544	0733919306
545	2213260371
546	3565039433
547	1849820578
548	1828386313
549	3750173324
550	3351484987
551	1039982298
552	2034703273
553	2681326443
554	0609079417
555	1971566940
556	3422803605
557	3243067692
558	4257916243
559	2186094808
560	4252570034
561	4077957404
562	1449170161
563	0782534656
564	3978715057
565	0202761546
566	3460600645
567	3600889618
568	1448459673
569	1172195006
570	1879371452
571	0933659565
572	2885189696
573	2236973711
574	4196235446
575	2922894500
576	0959641725
577	1131025224
578	1330399485
579	3510456143
580	1775423425
581	3147017967
582	3260369791
583	0869596523
584	0862833867
585	2874545146
586	0722250578
587	3154164574
588	1176503092
589	3931689507
590	1446590943
591	4078711717
592	2939950573
593	3279249590
594	0129693958
595	1675481858
596	3030254422
597	0859089469
598	3949167770
599	2605815766
600	4069971039
601	2884743372
602	4164085464
603	0293219995
604	0176573890
605	2077209772
606	2018331358
607	1812643651
608	4102585374
609	0656962974
610	1670726160
611	0329709183
612	4196264438
613	1297983683
614	0167086897
615	2642607220
616	3660823110
617	0946568227
618	2357666880
619	0988475288
620	1147282068
621	2304339509
622	1460357195
623	4289006303
624	0682754956
625	2061321873
626	3062413812
627	0880004835
628	3550815212
629	4040376807
630	0643471244
631	0937562197
632	2575585939
633	0433206262
634	1748912043
635	3828210859
636	1575125171
637	0148017421
638	3806732422
639	0085311663
640	0070789519
641	3106566444
642	3755365788
643	0644760701
644	0494805987
645	3690796079
646	3839849041
647	0854805960
648	0345193958
649	0393124621
650	3924239909
651	1622663219
652	1453685036
653	2785552116
654	1876967178
655	0020735462
656	2534512209
657	4013168382
658	3982486755
659	3100261616
660	3592065780
661	0261778829
662	3948951310
663	1501955219
664	0071248004
665	1012117801
666	4045410949
667	1864202522
668	1854443192
669	2249123313
670	2315420940
671	2279099735
672	0287456579
673	4031142885
674	4245301073
675	3129345819
676	1678249172
677	1659197310
678	1501206488
679	0501466969
680	0452315389
681	3794537842
682	1451272054
683	1592020604
684	2731071358
685	2742246840
686	2613887315
687	2471447454
688	1380106263
689	3386371751
690	2028266571
691	4057167890
692	0607010380
693	4070334279
694	3838892843
695	2308069545
696	1745013785
697	0300430048
698	4042913872
699	3419463189
700	0340435392
701	2625048579
702	0392306457
703	1010620689
704	0325667183
705	0486100463
706	3153399920
707	3276113262
708	4095228749
709	2847175088
710	2458886811
711	1342388680
712	3841510851
713	1753291604
714	1915165463
715	3425171303
716	0227580236
717	1618243044
718	0782314224
719	3180987472
720	1332355385
721	0020600449
722	1001712619
723	3208999517
724	4206593243
725	4003798553
726	2148697214
727	2548957125
728	2692999034
729	3222018183
730	3383169893
731	1367057732
732	4110556242
733	0711255582
734	3513472657
735	2377479113
736	3674270996
737	0966171819
738	0551684210
739	3088856949
740	2386015297
741	4288336696
742	0062122890
743	4116475788
744	2478784288
745	1575353037
746	3749721079
747	0077802435
748	2539595772
749	3696270109
750	0878078067
751	2222370065
752	3494543844
753	3885300236
754	1378707773
755	0749558827
756	1728640677
757	1925288467
758	0190488108
759	3719628982
760	2812976685
761	2994891256
762	1194693289
763	3354863117
764	4218352617
765	0176492364
766	0391460123
767	0030779193
768	4122261175
769	0686784287
770	2825034829
771	3408147869
772	3944400583
773	0242684564
774	2946556146
775	0523221193
776	1315951338
777	0990439936
778	3561777592
779	2250679681
780	2041065469
781	3160259122
782	2568506658
783	2478864039
784	1671832048
785	2242204849
786	3183602818
787	2773557120
788	2418228784
789	2474245220
790	1287154549
791	0721631537
792	3591192336
793	1536035181
794	1359599076
795	0088301397
796	3145711212
797	1966327409
798	0159860221
799	2422756410
800	3533822533
801	0437737118
802	0279911484
803	3812263934
804	0659058818
805	0048571977
806	1696367254
807	1178128761
808	1564105036
809	2776435288
810	0765778483
811	2821386414
812	1933947960
813	2769863101
814	0415284909
815	1633538583
816	2410507316
817	2223389388
818	0075378398
819	0263374998
820	2843236351
821	4105109743
822	0060481855
823	2257167318
824	0657048222
825	2856503938
826	3762115092
827	1733755278
828	2073389146
829	3634366241
830	0374328491
831	4168806677
832	1294096568
833	0409615136
834	2557616281
835	3881777998
836	1387562727
837	4168230214
838	1400398889
839	3052407503
840	1979869391
841	1889287090
842	2769113651
843	1593012554
844	3082123061
845	2326301878
846	1368898960
847	1900465266
848	2555539593
849	1617977391
850	0989935169
851	4118249256
852	1470950414
853	1993351303
854	1103005255
855	0608456954
856	2802745750
857	1701495880
858	1659764277
859	2052129048
860	3178177102
861	2289097070
862	4288766784
863	3010579579
864	3411354300
865	0672591668
866	1603712721
867	1766445071
868	3509139186
869	2072544141
870	1127851015
871	3346872732
872	3303164275
873	3271712112
874	2433531682
875	3768556359
876	0650418295
877	0143550158
878	0482400514
879	3593795362
880	2754590543
881	3488024103
882	0132680409
883	1341671696
884	2353791258
885	2326426704
886	2841106635
887	1044545435
888	0686292727
889	2025039603
890	2901650790
891	1487399131
892	0614116678
893	2758345095
894	1778074675
895	3103252198
896	1725217261
897	2228808079
898	0601084139
899	2251998428
900	0562538515
901	0121584662
902	0945068799
903	1331868900
904	0799374659
905	2131950584
906	3786812935
907	0247303514
908	0208250528
909	2932150232
910	3126241165
911	1838654548
912	1090652592
913	2531067518
914	3417393671
915	0770287908
916	1332407015
917	2572793781
918	3286737309
919	3405809648
920	2674752126
921	2919781669
922	0319445229
923	1586788508
924	0687571217
925	2456815504
926	3377562182
927	3628379931
928	2716692834
929	3715109762
930	0071135352
931	1118003560
932	1494670976
933	0660467543
934	3273246582
935	2823380489
936	1758884723
937	0942293780
938	2664026329
939	1375482232
940	1638764882
941	2572066527
942	4052322231
943	1148512446
944	2896209748
945	3958326682
946	3624732407
947	1783727011
948	3638200846
949	0422733420
950	1360715423
951	2908587182
952	3678606261
953	3934867198
954	3093542290
955	2663252895
956	1610433387
957	3372611852
958	4166436773
959	3492475846
960	3604793665
961	2422116005
962	4181255725
963	0141454463
964	4133838551
965	0424409032
966	1621323116
967	1864545593
968	1147570598
969	3367387693
970	3764022207
971	3245144718
972	3912179419
973	1169421010
974	0148770913
975	1520672332
976	2123780120
977	1139146637
978	1605594815
979	2657377117
980	3876709291
981	4037495714
982	3502457359
983	1040192622
984	1553722759
985	2903140788
986	0840251855
987	3438119639
988	1273763487
989	2189228608
990	2246829100
991	0427323918
992	1150328661
993	3182807133
994	3926029094
995	3277549137
996	0735589615
997	2386064636
998	0253812658
999	3115303122
