000	00002533519606874163
001	18282457035497556032
002	03724298555747368574
003	14942620525107384610
004	01310179175706301102
005	03929667638793347278
006	00459751447276064325
007	08754515871720431830
008	11291802458103969363
009	03632585174692198267
010	04773152459654521269
011	08319064702063612465
012	10129381961715286923
013	17395840499722121450
014	02332169990936292673
015	12667657025984612029
016	00391687989996493265
017	14919248618621987438
018	17581621386788524614
019	17481512525062260877
020	02157919999241206915
021	00944202230658764688
022	05418642131513226268
023	09049165016952023296
024	03694384260738438109
025	16305353592558553544
026	12677305525227659866
027	09441270619193101041
028	07606751355743842474
029	14345467891117185412
030	15641280383256302733
031	09971174979496147997
032	10912477353775829625
033	00760550266374423350
034	04175454552097273164
035	06166494882986161958
036	04199089256399750212
037	15072595056772707276
038	05738615068537373102
039	07862511856469583504
040	04196992066599359169
041	15936156806801672791
042	01354088485475661208
043	16876534110563035494
044	18169436835139063941
045	15041807785579007017
046	16074517822398061565
047	12896426257742429429
048	16620658364568902433
049	02369275887352110246
050	00298326717204571589
051	17343470493427536762
052	12669632158391446948
053	12289428310172320290
054	00878812694648383635
055	09519680887739447294
056	05586283550871744840
057	04113271435860693824
058	13900255193370022714
059	12344152213496410233
060	00381668325382619667
061	02289756803107337253
062	15717733907455356567
063	10016591807181079776
064	13558649233713715912
065	14188866394891102964
066	15661617266994676270
067	07737266303970481582
068	01241016977530245970
069	17893359730121107706
070	05635322244150581998
071	00173928816436733680
072	11771923827931423661
073	03456701463171060556
074	07418299850391375032
075	17792189367015854555
076	07257607265496834680
077	02283767278507250250
078	14083620319358515102
079	09290087111342746146
080	02027202592351784263
081	05791387314626197169
082	12695132811153692027
083	14221270662560849783
084	17298005965655219926
085	15456741019729450389
086	11880609518372247880
087	10672348013238100624
088	15617604410215572014
089	04304903274195615120
090	03395874130567145981
091	09041867966617995148
092	15671262536504640654
093	17012027098757510805
094	17333107640050769758
095	03768063530317396600
096	04462846642042319156
097	03680470811497688000
098	10030628873356058509
099	15300886164998683827
100	16065927217366502286
101	02730928024769831957
102	17007865505244234213
103	02038996249906390252
104	15608623179482528444
105	12249750804681769865
106	08967541465665115257
107	10460977655148136293
108	02649590251853486628
109	12195843850363521754
110	04285496991052871908
111	03782586473044400644
112	00361713411386817675
113	08157612984828215072
114	17847594838509172785
115	06349924054827365646
116	00142560596783050584
117	13672399743114883882
118	16233680821222658304
119	09438024242126927043
120	10242162796580168603
121	05620732989573544670
122	05097482421686306991
123	00938968547547960063
124	14016875072318157008
125	12520790801692118629
126	04959810062029258265
127	01812910955695080470
128	14536085561964658200
129	16482783202143531573
130	11212130938909678992
131	11084386279964883282
132	13821212880380761221
133	15110978105106618574
134	01870525496344902899
135	13120942120311221698
136	08075533827433951739
137	13023218951551383134
138	15506697251443776061
139	01375392212532532671
140	05684905994702502136
141	05650786038847452989
142	17648842228869757985
143	15766743658457879523
144	10978462311685644617
145	02264450552757646547
146	04422274281462018253
147	16655002610540488996
148	01437571919686790403
149	01147553369874680042
150	14930546746110484942
151	09055353887212147538
152	11223784041094344223
153	05067631977340735445
154	17049814590758071106
155	17076423615718373034
156	17601865110083768657
157	05171055256920410052
158	02737712284008146066
159	03536452999446813676
160	10245102409911978966
161	08478258180121728767
162	00477089109370283867
163	16855210100291869585
164	05521680469969373558
165	09948796428714628357
166	01325678248701251716
167	05851765873806397472
168	03269444286293825868
169	17904374069682525322
170	02908030739054564569
171	14538339824715158410
172	06922327688305887419
173	14933781902195460905
174	03383791832037889400
175	11125476704190154129
176	01939871333220953831
177	06540623198172400147
178	07459701001806995041
179	04436206944801231288
180	13648233742369907416
181	03406032597680235097
182	09410617763900327392
183	06892057569060877392
184	14515241101839756721
185	01140832036784404245
186	15315151833383008066
187	11819857781059472574
188	02209277738962701684
189	18082777725210410619
190	05476150003961732951
191	00752300051935681456
192	12137809685523597954
193	12780275000176966022
194	17793962890739355343
195	04431083619903677056
196	02947812337662991317
197	00722999355197583855
198	17397184880782938619
199	01319634600234543455
200	11280631894618473714
201	14348035593946557591
202	12457351090352366481
203	12369827818867058199
204	04503469199558126496
205	15472501390092350434
206	08728368560232873679
207	04159128826466505753
208	15592924180776405403
209	14470735689924259233
210	15008776629501850961
211	13133921694943553233
212	17374964540997356262
213	01178284123538243965
214	18229205970596575053
215	12486573561490556763
216	09180463264752582984
217	15865048227794058841
218	18142661985092298403
219	06322601778170210270
220	11814005548846682281
221	04817700051557629758
222	15241568875528662183
223	01615163851835244846
224	01759841031997652503
225	08052903583112742671
226	07613762614033514715
227	01010430872004744851
228	04751315163486276681
229	10607210900928044427
230	01367381317863257772
231	04570687447212737345
232	11477180580462594577
233	16709175220124990188
234	11878498028901938900
235	09576846480449733456
236	06383250499175174098
237	06503724137435635647
238	11120717898881628924
239	03143074532283761218
240	04421500285362376166
241	12493808258128116898
242	11083315013212272120
243	06209340813932230199
244	02862700871187639508
245	04640877935189315755
246	07385505272238312855
247	18119064077768216982
248	04366147148230616366
249	00450385067691348777
250	05087252286127053004
251	16846872380567804421
252	00967243587522696282
253	03137100566595408933
254	00574368338245033673
255	00358858480681158600
256	02611687239734941232
257	10674645280347368523
258	05223440084760668707
259	03584067889524301469
260	08793368977787952545
261	14022616515678183911
262	01397487172348905920
263	08748005381469089341
264	17128487305571547523
265	14265239884161284339
266	02961731756888769875
267	11753001305173458307
268	09233482729360178943
269	10240386134713674386
270	08721492368268824202
271	02180287909331465553
272	05934892600025650168
273	05135028566454209536
274	17325156081137772681
275	05275732464267552503
276	03035425569480275466
277	06518762274798718290
278	15384574117873995197
279	13618477963034812371
280	01279395782477312494
281	01017499662875880567
282	04509880198404280441
283	10018754075245173124
284	14453922635822755944
285	02706578890561309357
286	02635232630185591267
287	15787732514893984132
288	09825804552464299454
289	12082389393143113538
290	10870879579644655619
291	10097189749527282805
292	04775104988128592926
293	18365341793972549248
294	03343339036745317175
295	08983856973964534111
296	07421764218981659558
297	15564735105952642133
298	16337234741317353991
299	03962419807487532794
300	13080433602594461593
301	08426330900258102033
302	18222532140505512492
303	10414692648518793452
304	17000831530375076733
305	06928024937700009014
306	14961873430359670739
307	05428769377964423432
308	16852856764511309755
309	09015583514934883643
310	02207264966867193398
311	08468166537758343326
312	14990984524524664984
313	00750527049264248887
314	10166905440455129513
315	00947887249083721773
316	17906210600590710109
317	01406447109527435967
318	00528906700550542585
319	14397866123622534238
320	08208730279435306508
321	14049549131890239359
322	06015241703425261794
323	06024998031004810261
324	04762343631895529764
325	06951941166302855796
326	04132901640998770288
327	03770930517680371756
328	13316493494835967439
329	07911783898962309947
330	13986311903196456653
331	09790660058308052126
332	08250135226990962627
333	12516322307433555521
334	13778093527731564589
335	08558553500673322087
336	06959510590856819089
337	11546764963755526678
338	08020292881535295605
339	10895553445807125788
340	15412828604812119066
341	10735306359762278005
342	05052060961188237753
343	05271263062786220653
344	06039247706016426935
345	03284224310853985710
346	11552118712836680538
347	14223100917003398123
348	11857691323055990679
349	10499681585959359993
350	18039656463945066671
351	15926493481824128399
352	09773132118814653905
353	04481025142564603157
354	04759997372644044494
355	03233478357186913093
356	09815231507539318091
357	00059738670428964958
358	00057680675655181669
359	16257459536023927308
360	17841270950720076675
361	08423257825931596602
362	09470044089842184823
363	02984839868114486720
364	04960844129157348186
365	05922045045173096583
366	13471139957505729166
367	17489188874806780323
368	14766406396113847658
369	02139799146949634231
370	07795123315292230130
371	18342948468183898983
372	14283216405691667398
373	16225470125225091845
374	14327272528663696821
375	06308614704689263808
376	02992415205026863035
377	05272342021572421814
378	05402919761448755068
379	01212384176255652149
380	17696314342752809537
381	01478475867576039325
382	17422836127738432832
383	00694910988780610073
384	13859046738994619396
385	05072400553671936407
386	13873199814902604775
387	15761645255235312293
388	04462977226452105810
389	05692441656048396471
390	00289489818695940655
391	11211817233154611902
392	15942171472953305398
393	00136542959167964448
394	11175997310930958074
395	11307408258044051956
396	16381404332050758332
397	16931786405428848920
398	13516186653649334944
399	03714578622393747122
400	05925411805431927929
401	03190025671985785780
402	09747508126998276140
403	00727963671926822671
404	08044786598709050120
405	00161605329484341716
406	02262699250094511900
407	02748872994207582793
408	15130086558902415766
409	03450502067416190503
410	13376070619172103381
411	07688734947727581401
412	09391620357220364330
413	18065974107794041655
414	14383689734617165372
415	09522894487824074594
416	08033824608371675159
417	12496323615830099907
418	05504572638451713036
419	07840104473932059570
420	16089186632123596142
421	07452866826681263050
422	14295159447035191656
423	17436766401889626109
424	02496082980646211572
425	00640641931424940798
426	10596188279659468059
427	10436024697493702288
428	15867465512019898805
429	04354002409942444719
430	14762542770875812627
431	00589448986864577824
432	02578293334806375777
433	03967560414740492559
434	05943184355984202217
435	07407765472185195045
436	12710915763257705078
437	08118324433243846219
438	02374969928565927811
439	09975693415158332123
440	15810458577961138180
441	17954871442042329661
442	01470176541850782744
443	10423757044241587737
444	12174462534205564276
445	06940155373147268778
446	09886240978279873503
447	14229287801445240570
448	07255930317344699555
449	17023468429871375893
450	13503683995855006999
451	14626260972428661277
452	09649825965239680470
453	03258151848529477788
454	09371491517094692625
455	12201741349425298897
456	13921228089578758456
457	14838933934543203636
458	16626909131885480600
459	08948302847406182261
460	11336938395951688932
461	02648470581357923152
462	07360373909607783328
463	09126427948364865323
464	15111237604386241448
465	16415707106704960299
466	14886187147210318671
467	09311307487834771723
468	06617136185712836592
469	01376096214766080256
470	12061891129723025720
471	15783222426333124022
472	06894071643797085771
473	10359466241640547008
474	17644138517670860334
475	05538462458045059877
476	04113682459072981312
477	10109725217870407947
478	16375645207820293389
479	07219528930468731227
480	00461255777829849435
481	15209900802487634529
482	09092861451989738729
483	06045685603542737747
484	12016002385651091089
485	02151682870143482355
486	08574350840739315651
487	01286682637445487083
488	05790267680154039134
489	13525009200013539618
490	12323351828062277996
491	17074241954164543443
492	10086775173861531996
493	15415568730225013433
494	09545140143713090582
495	07021977602459308755
496	06364877181963495499
497	05760133771468709958
498	16406043185833936598
499	18165406079478741719
500	13798452916500276443
501	16115136133937642467
502	05420395292084307379
503	00567843695673083412
504	03873819896156680381
505	16972700908382722352
506	01117935520846310151
507	11972497987927903543
508	03066826634630409539
509	04510873709743088088
510	16100682501276282357
511	04616367294838340292
512	06567451836251507702
513	01129318483344801694
514	03110714803234037389
515	05735170136996417128
516	07848782407821063215
517	14543861294283059294
518	14233318479818963507
519	16219931697724299277
520	15728377524937701953
521	05159866059774920455
522	05457294741650198949
523	12301293529517895647
524	00973735248486079233
525	11742455114038046089
526	02562009161852819028
527	11891784790203207494
528	13514055237343799165
529	03324707144064651173
530	03793976800547071597
531	00521106846509334315
532	06177662263463200170
533	07286761282938071203
534	13891198372858246194
535	05429955460017361584
536	08153061864602488454
537	02057000384896701753
538	05094661159163646851
539	02114502465656533327
540	11792773521794376574
541	08008571410271405408
542	10324243366317247175
543	13191054312438350267
544	16829632094267484498
545	03651108609876928634
546	02179277370642175996
547	10973613037225132416
548	02149179840732800439
549	06420162319122628081
550	16823360175898855219
551	08628301091997632690
552	09430140514967764292
553	01824147560939202490
554	12970255815490794045
555	01403424128430625935
556	10330561149812347536
557	08800376651708524243
558	16268194519163720193
559	07124899098784589731
560	12228744167622433667
561	06195605017347098155
562	02908732153935674500
563	16214155131811958289
564	15150631415701355622
565	18033059185310633492
566	15101628516180173674
567	07053068595271586761
568	05202359959668214873
569	12304221136566070245
570	15624527142953763614
571	03933356962800485581
572	00215735900606857696
573	12961068587722257861
574	09954308250162684256
575	08795700212602138543
576	13063517250712012551
577	16901908583438406365
578	09783594570419950489
579	01041415206830257038
580	11740896002174713147
581	01317053521562368336
582	05897138656697658050
583	04005523974857358939
584	13031032406766212004
585	03761457661720186365
586	05401876542768444767
587	06238364689598317096
588	04695622099149365675
589	13604872593864196340
590	16033097458171679562
591	12223407843549625542
592	07695369649350402669
593	05793128946630096846
594	08016381606829850741
595	02700498806283269557
596	14635750452126871002
597	14628799799799063929
598	04824998415306562104
599	02121106151368731016
600	13998797309663325730
601	10949585357743734808
602	02561987110976118789
603	08708382186189212499
604	18164530814891457428
605	16746591902981057202
606	13435182953354638667
607	14647156756418794178
608	04838189918916755663
609	15309188239530855440
610	14263952096316369244
611	18283042229665951809
612	13199561735353725646
613	09430028197561351904
614	06702275328199405410
615	14507728459286584146
616	06606241687045504896
617	07484767985696248923
618	07948754183986792536
619	06838601328866926576
620	12425568612074659913
621	05827945543784007213
622	15176994459577625801
623	11020505602196240876
624	13688826557423794151
625	07290829381436401773
626	14493881454889731528
627	03988212940278668586
628	10576005150905968233
629	11378706001581007532
630	02039742317000191706
631	14104515494513007433
632	07409321232597292818
633	08173246573504674492
634	06310201381651017105
635	10771815289032534247
636	03898267377980225109
637	16673957920840891936
638	07449474679204927296
639	10844747508332335814
640	12433709646303561268
641	01533591038891736285
642	06910366416274886335
643	11566610970831476861
644	11923106489402752431
645	10490731621538975018
646	02517630303277026259
647	09071399489410047071
648	09697051671573967713
649	14631035123704881189
650	15833657369376306410
651	10884484214219328228
652	10721655232007432452
653	16153566937180444231
654	14887236373114139462
655	03652124206584581364
656	16229119667756958409
657	11944502586657195171
658	15972540098255214557
659	09255158768780622628
660	15733505923205612341
661	05048275219441788137
662	13091054958017740422
663	04254467782738147332
664	02120410628947179352
665	01170332270468846054
666	05982610908373745249
667	14499387604547694981
668	04918322431762913505
669	06142077247019333238
670	16838684505595165928
671	03262485400454848597
672	03409957709986991063
673	16028048218305838922
674	14417911978046143018
675	13272957901079479398
676	11577519982108940832
677	00268029162006543821
678	15802687391899702366
679	06823073857128608788
680	00043832502346123808
681	16470858612569176212
682	08488583696267848775
683	06157010536402558378
684	08909755058531969018
685	09920982153818411438
686	00754257423479376401
687	01438908311398332576
688	16316329082149681066
689	12723862956079224546
690	07108682576385540225
691	11697626742507891327
692	08591344885882493018
693	17758519087517087085
694	14220029463641787616
695	11896756791817983940
696	16939767465831963496
697	03118233590365260297
698	05059574961141187744
699	08529629940850883832
700	04975675540329424806
701	07947991977753548561
702	07602573372039883587
703	15129611912434058478
704	10091743257689425781
705	15335911506828835122
706	06579796233963909546
707	15342213668488236690
708	13637807686250026959
709	02340859814714668676
710	08235847807136404480
711	13432641696561065364
712	18265684813287048731
713	17639523252579772905
714	15358987807147327047
715	09598712433257513026
716	14756408238579420412
717	09117703738620901147
718	11686222632638229403
719	09988562269242612746
720	07941744086892931622
721	07060300145196079103
722	09313994672036593528
723	06532881547986040456
724	13403814833023407458
725	12547364153318014468
726	11035727886715110723
727	05484846728019213023
728	17853522339315450951
729	12414947508898594015
730	12235776708512741684
731	05268988723931872442
732	16397222802317488862
733	12720556906546658596
734	13706386778495591630
735	10666194516422121821
736	11117182652236258380
737	05303836323526097825
738	04220437195825186131
739	12297633416898608670
740	06269036259593860612
741	00903372934575952847
742	04689325120233308381
743	10704450772682309298
744	18193588951295061943
745	05130490150042787050
746	02515953358927179346
747	07405904631434763699
748	10450181651850743578
749	15961362375366960928
750	17207272027285259579
751	09006939726493204981
752	12879987472502255855
753	11387940716032514610
754	03573660645930170180
755	17591909657212788449
756	06883605892538404166
757	11733549417235208176
758	09096357378934687794
759	12168249408754490426
760	12202587408020315341
761	16089609994825332055
762	16899554068569531977
763	01840559760973293503
764	17367066215383202593
765	01918566050611198216
766	00676797261448362345
767	02372311306099581572
768	04978302119019877175
769	11532061676622271886
770	02406349526689680197
771	03909187822602601411
772	15165807143163081335
773	01620262003850764824
774	07100282488323172950
775	16134551293251435651
776	01372501308042021178
777	17279231847437000375
778	11546912553730876377
779	09841836175035761852
780	10506117345665203491
781	08024895943552809137
782	03131682719075646986
783	14706081407841077545
784	06712062490008255613
785	05668452891306340813
786	00494407518073137788
787	08056684599641726311
788	03575211493368407169
789	07834058813440356493
790	13742376353955517141
791	03781365357400555507
792	06113615947478986188
793	17581116591965290908
794	12207519067906926094
795	08074390714186471110
796	10189833592181325012
797	14326859150407430422
798	14316804256628853684
799	11664373358336779123
800	01238435991350105633
801	09058655729543136601
802	07508627974003616506
803	08021349639426461294
804	01860388195088522175
805	00355705243990797611
806	04561733623010077582
807	18335208115453595622
808	17905843982175692955
809	10952360085151142077
810	14790373086121453963
811	17218926487189355675
812	13859457313058683207
813	12311851475017699184
814	00707738229980391262
815	09278049403723782150
816	15515210939065279381
817	07345349207366862539
818	14942987657470328381
819	11112058721113567290
820	01781250745800599019
821	04644332394680979927
822	13481000519139858572
823	00750056316209035157
824	10232691103592567559
825	08827888500909554344
826	10438187657698997783
827	02124676356399462469
828	11479103546777934343
829	00704392360068983190
830	11484982515178871261
831	05499694855215725052
832	04145830927956678201
833	01100858912086946185
834	08295524935576050852
835	12265312140428077650
836	03638961152011818587
837	11662988749272109186
838	00604784860833742581
839	00702852673517843690
840	10178375453279422872
841	07336580596302853842
842	08976838457729938878
843	11468225789587476914
844	11200532742106489869
845	08780866653707095264
846	17294922019721680208
847	17825338249063419031
848	05695519626914785129
849	06536434434733969181
850	03800193989352810944
851	00392769881662275278
852	10620323758850732403
853	05123005802705264309
854	13815909388569482078
855	07972887015425844423
856	01466369764367343503
857	14528027749472932523
858	00482538831917849531
859	08292356744219150080
860	03790823151811009265
861	02999826238815448022
862	02640810322713320939
863	10389181097171462151
864	00974728327701316145
865	05809367211426829378
866	02897539244902176341
867	07173728448368299576
868	15974863689122499892
869	11843376764250089372
870	04166406166100183189
871	02968175488612143476
872	03450551383762567946
873	13558535358474592733
874	03288401032206142687
875	15267130269084461568
876	02418701346487670015
877	06747477247273899029
878	04277549503549033520
879	08863184742288488397
880	17680051734371056944
881	17659170703140453161
882	07147280694176031108
883	15370814489784153321
884	11403329813153464689
885	09459156439314894043
886	13956559687995393923
887	06125082060743265589
888	04928992722456623525
889	15571220293595311161
890	06603705671260591607
891	05610819192033164903
892	02761717012788217764
893	06032374463160027468
894	16250621272714692651
895	16072799345236719576
896	07299957750308390724
897	08933393211033961363
898	11518862261649328666
899	06639696970944148065
900	01828310528584978191
901	10048552304176311665
902	13613251898776202601
903	04837322793795649930
904	16354219941981596028
905	12036556235227294038
906	06452866849189760124
907	01469059546046057576
908	07404892629317113925
909	03409323045338831896
910	18003001996503166613
911	05889501333751983071
912	17785305627181859917
913	17953513073152987021
914	05622018066395460140
915	16774334521198911839
916	01153129627300681854
917	02745494614067277816
918	12030389512854474246
919	16364907911547974523
920	09023247265830453648
921	16818734780441301962
922	09171401229280157270
923	13804152165698201377
924	10917974079808697759
925	08540704262015082465
926	06650765968080863270
927	07083440115711932400
928	02500693125588793555
929	08822267024205465036
930	13180254288100354159
931	05419938102344672606
932	12844721075532027997
933	12410789958520170677
934	01597783549780436075
935	07924346106433516505
936	02408353640820853060
937	04645079921508113105
938	03510113293431896375
939	01950020608229222757
940	07343723182200369328
941	04300837789941799724
942	12382411507892596474
943	08044437436772662456
944	16349171675425423052
945	02865373306701352820
946	03541037431420911905
947	13149126787025191693
948	00454107962934991848
949	17632287429705102648
950	03614230632808950705
951	17715487827638836168
952	04688705401978450697
953	17610820259712711754
954	10566528878527757363
955	05154659401319353980
956	02786657395061851761
957	11760867906972535850
958	14037496744057019238
959	07868983801604324055
960	12447620379684999358
961	11191034525022053709
962	06192162153127868900
963	02224572213419093218
964	17148096067569699732
965	09232112524379045837
966	15580448576847854101
967	17396126899368325659
968	03840459066628526061
969	17024862981656851549
970	11071386503599562026
971	13283558335494954847
972	04463210000495275835
973	01798544308497389149
974	02838595267997555914
975	18105162680964235781
976	02974394575160825976
977	04141466583950382126
978	02853461414638070436
979	16388562049453271573
980	14784805621443670168
981	14432633018239747667
982	09598681263298217187
983	05669146799217189343
984	02902517428604056397
985	11805765292596258937
986	05646079531108921209
987	10542803490175991326
988	16594823121187048909
989	12842454471355214010
990	11028876141213662404
991	16573456350761367278
992	08523591893118852289
993	04074033308360445798
994	14937790295757709571
995	05848633478420797552
996	16931785961345336611
997	14180714893477336782
998	01017953197983906060
999	15884727275743234715
