000	0000000000
001	0460214163
002	2831177557
003	1041849249
004	2665044342
005	0945488760
006	1220340120
007	2052507909
008	3050676643
009	3404148443
010	1215905384
011	1033976871
012	2656965478
013	4270222070
014	2691634972
015	2818799661
016	1048926827
017	3938684785
018	0170163099
019	1956407236
020	1167160827
021	2231591077
022	0106071527
023	2150617874
024	2053796413
025	1114697003
026	3815693468
027	0015157707
028	2100858482
029	2109737378
030	0027080262
031	3505674187
032	1722342813
033	0008713139
034	0632228987
035	1714731272
036	2892091969
037	0139503952
038	3154260300
039	0303110535
040	0673336948
041	2487414176
042	0489870440
043	3642609647
044	1499257398
045	3453348397
046	3771268248
047	0385904979
048	0667178282
049	1554044620
050	3152821919
051	2785247007
052	0216302619
053	0737106085
054	3188190858
055	2558492290
056	3359607034
057	0135868245
058	3845615109
059	2354528732
060	1401872967
061	0978744884
062	2134982465
063	2901975651
064	0084756584
065	3738451450
066	0054935576
067	0184206651
068	2553729169
069	1721217025
070	4177089001
071	1633350257
072	1668686197
073	0953807943
074	0891236673
075	3982865693
076	2067817752
077	0652734362
078	1434684880
079	2974924909
080	0908230162
081	0527385302
082	2923133224
083	0867335709
084	1097484714
085	2637817476
086	3294641710
087	0891806354
088	1386600763
089	2147697681
090	1414519721
091	2360798709
092	0952253400
093	3410603415
094	2360999315
095	4179756126
096	0277319981
097	1499452877
098	1698264453
099	3681875779
100	0077364148
101	0701575273
102	2448086612
103	1196627315
104	3565163306
105	1434022329
106	3467695498
107	1513198992
108	0438013951
109	1639331938
110	0870529516
111	1077804680
112	1229032618
113	0386986450
114	0216352728
115	1800250042
116	2744089586
117	0171885272
118	2950182298
119	3522324782
120	2974057135
121	0911881795
122	4141261922
123	1319638687
124	2530794240
125	2996281884
126	1639640986
127	1685529036
128	3865690116
129	0841225487
130	1714197488
131	0224502265
132	4259355994
133	2405067411
134	1163220617
135	1465044114
136	1494432854
137	0745199590
138	4170243294
139	3031248456
140	2195401687
141	2496041722
142	2879003316
143	2660390379
144	3719008623
145	3691794643
146	3528769893
147	0368776641
148	3595823816
149	3245507809
150	0870311850
151	2559746848
152	0385896129
153	0062554604
154	2493871340
155	0310646554
156	0948412119
157	0862106025
158	0982262418
159	0534593132
160	4245605312
161	3307007985
162	3206518513
163	3599647287
164	4189027534
165	3503847096
166	2672528978
167	3346704414
168	0039943733
169	0509738556
170	1495252449
171	0490051909
172	0800275577
173	3921925061
174	2132891585
175	2720761784
176	3452595203
177	0195182638
178	0382231826
179	3335483026
180	3305888970
181	3676054813
182	3245510413
183	4247097973
184	0784049122
185	3216885001
186	0877386221
187	1212762904
188	3622245728
189	2576635372
190	1393933158
191	3034679687
192	2696181875
193	2737367252
194	2093897099
195	0602290737
196	1531416926
197	2274991691
198	3780195015
199	2229593046
200	0486430086
201	1692425159
202	1484799134
203	2480061851
204	4134477874
205	2324233520
206	0525912228
207	1693793586
208	0393092178
209	2908806713
210	0979485776
211	1767792190
212	4282926583
213	2267735494
214	2696260668
215	1363062318
216	1251452206
217	2111967489
218	1759481788
219	2490636463
220	2031266629
221	2286632290
222	1880616790
223	3057731282
224	1125610130
225	3916984931
226	1105835491
227	0315676353
228	3529172076
229	4082518133
230	3095021242
231	0623707924
232	3496410399
233	1662177362
234	4153642613
235	2992607648
236	1237407539
237	1191890141
238	2288437088
239	0291053783
240	0657209768
241	2515033550
242	2825686622
243	1428295108
244	2596676970
245	1798968366
246	3802080000
247	0153071938
248	1606425962
249	0447148997
250	0478680671
251	1482715547
252	4203952319
253	0163339078
254	1352116128
255	1353894562
256	2143693641
257	2250636059
258	3251135764
259	4088343051
260	4213713094
261	0902714262
262	0683441796
263	4210135831
264	0050365801
265	0987499720
266	2835089890
267	2605334134
268	1261378516
269	2647455607
270	2579129121
271	2334329407
272	4135632004
273	3538353168
274	0751456234
275	1847707380
276	2446657344
277	3012781489
278	4040021835
279	3890094578
280	0053669574
281	1620324580
282	0122160558
283	2969733261
284	1776144592
285	4135465638
286	1157185443
287	1143911683
288	0448764069
289	1009479590
290	1174863796
291	0377392527
292	0900117172
293	0152540799
294	1311349461
295	3211976010
296	3644522959
297	0190683406
298	2213516742
299	0942690575
300	1270272272
301	1292237966
302	3271873028
303	1660517247
304	1918235225
305	1904118332
306	1752268388
307	2403753484
308	3105530758
309	2360787842
310	3332721638
311	0816087719
312	1048690265
313	4125189260
314	1835022369
315	2773255608
316	0725716117
317	1766114105
318	2517776273
319	3669459925
320	1568925328
321	0269374939
322	3192814373
323	2841016888
324	1495707830
325	3222320857
326	0552296322
327	1725294343
328	0503830576
329	3274419750
330	1918167054
331	0066108949
332	2676615367
333	2127986148
334	0921888268
335	2970055848
336	1850966761
337	1426271879
338	2889712212
339	3438973037
340	3064830576
341	3881490101
342	3401517783
343	2121616336
344	3745497022
345	4091069148
346	2593665649
347	4194510551
348	1281194653
349	1470714225
350	3805134778
351	3170693332
352	1961756513
353	4168627366
354	2615368108
355	1885268363
356	0500221082
357	0859414764
358	0693532990
359	0237475145
360	0500845314
361	0857753211
362	2965104198
363	0211332307
364	0959524537
365	4237279207
366	4000478523
367	3345241243
368	1568759251
369	3382421997
370	3852159476
371	0498555657
372	1434187279
373	3901252470
374	3940497166
375	0724574131
376	1791632871
377	3204802016
378	3161063829
379	2204317494
380	0045823985
381	0011366532
382	3621534732
383	2192530100
384	3773906527
385	0569948710
386	1674446603
387	1650976435
388	2363636569
389	0463973533
390	0036390851
391	3600313176
392	0204461574
393	1613707724
394	3334433162
395	2963992038
396	3016756158
397	2772710758
398	1417967782
399	3553885484
400	3109474516
401	0984172298
402	0943632893
403	3177639130
404	1763424325
405	2266284575
406	0285588928
407	2982351739
408	4088937967
409	3919245562
410	3777553820
411	1024900775
412	2616535981
413	4004671990
414	0520005889
415	1019876952
416	2338792109
417	1996889270
418	2037979252
419	2068769493
420	2662277440
421	1135793854
422	1672455407
423	1779941762
424	2979527498
425	0145865979
426	3676479170
427	0817103625
428	0655432977
429	1041242917
430	0143759156
431	3075256732
432	0870923154
433	0669333965
434	0389911833
435	0002040358
436	1155256974
437	3775157702
438	0193294797
439	0728639167
440	0266253736
441	1273119683
442	0572365262
443	0750660989
444	4188564176
445	3403566876
446	1098775576
447	3957034285
448	0305483767
449	0722423854
450	2958408725
451	3945848137
452	2491765602
453	0938398978
454	1760773898
455	1317749255
456	3914237751
457	1533267666
458	3374407046
459	3172614793
460	0208327908
461	0938598271
462	0355553366
463	2894937790
464	1443956418
465	2556715906
466	2864500673
467	4239660767
468	2067783857
469	3335338677
470	2254546529
471	0425041017
472	0910511470
473	1039131744
474	0673669525
475	1080414197
476	3427509607
477	2602146670
478	0346156509
479	2584601599
480	3086067358
481	0161387995
482	0711956913
483	2716598442
484	2031971011
485	2126067155
486	1266963984
487	3569398788
488	0928235897
489	1819699614
490	3008873860
491	2911019411
492	3684590642
493	2199295648
494	0580027974
495	1228371158
496	2227714295
497	4252134180
498	4238333118
499	3952567457
500	2278808546
501	2277016578
502	0032221003
503	0510248513
504	1660023181
505	2913812013
506	2877892778
507	0742463937
508	0918921186
509	3383716213
510	4262324562
511	0175684037
512	1600021420
513	2257359936
514	2187519578
515	2667575177
516	2204000630
517	3141944653
518	2866714301
519	4189714272
520	0131677468
521	3615477016
522	1330284738
523	0092454055
524	3192432976
525	3489837125
526	3295942741
527	2550185516
528	3068582980
529	2314889663
530	1541655394
531	2832962533
532	2810830766
533	0778148113
534	1263391492
535	2048899567
536	0354850138
537	1635659030
538	3533204544
539	3957343817
540	0667481789
541	1189307214
542	1067679447
543	1287306312
544	0567829441
545	0114903009
546	1833345602
547	1391977155
548	1401335151
549	4119222718
550	2350699650
551	0467873019
552	0979789155
553	2827288986
554	2344297133
555	2515487014
556	1736654868
557	1785266740
558	0473036915
559	2364974478
560	0648143821
561	0921169879
562	1480770276
563	3360721778
564	0196222800
565	2708190193
566	0950251003
567	2173105656
568	0788246389
569	0418472490
570	2269321650
571	0273254194
572	1754729778
573	1024172553
574	3971681744
575	1135713650
576	0034104599
577	0976891763
578	3523153870
579	2008541355
580	0006592882
581	0848642454
582	3012139667
583	2912480794
584	2975728891
585	4067936395
586	3864914748
587	1221153019
588	1583998762
589	3281239513
590	0844714422
591	0836753656
592	3567550319
593	3639570042
594	0158494246
595	0044041064
596	2440928262
597	2522793745
598	1048877094
599	2018764880
600	2263643050
601	2878852574
602	4237092657
603	3411301893
604	2126801403
605	4039322920
606	3310121831
607	2251716255
608	3966852781
609	0824825195
610	1018510866
611	3070761971
612	1828959949
613	3016459468
614	3413373297
615	2248000860
616	0718031936
617	3364973501
618	2697110671
619	3584844994
620	2691591774
621	0213788500
622	3674096602
623	0419074840
624	2174186081
625	3771184369
626	0464183324
627	1081045775
628	1661434738
629	0016074584
630	2847849347
631	0792459637
632	4215684342
633	3879428087
634	3557918712
635	2581637061
636	2606156136
637	1132302721
638	3781940324
639	4260376499
640	0095034549
641	3760078646
642	2699879835
643	4269169655
644	0949304205
645	4053079482
646	0404106832
647	2024006597
648	3119031432
649	3392790780
650	4081271596
651	3506256264
652	2498049754
653	2740089545
654	2187101822
655	1344775816
656	3007388363
657	2850802563
658	3937778517
659	0890067296
660	1533828313
661	0353401323
662	2376922463
663	3320575308
664	2621123326
665	3114434810
666	2370770240
667	4266515511
668	2162216441
669	0505329651
670	0535454353
671	1485116921
672	3963778201
673	0565911500
674	1441004402
675	2915315374
676	2817935650
677	3359400019
678	3533384111
679	2245026129
680	1806559184
681	2850851575
682	0517465341
683	2460163594
684	2832835820
685	1920399625
686	2408269847
687	3359727583
688	0334003975
689	1084492638
690	3124929766
691	1811233169
692	0353938309
693	2696466340
694	3155252497
695	3825972271
696	1070055564
697	3439949394
698	3682146593
699	1595833313
700	2962150154
701	3205663873
702	0654992384
703	0901039935
704	3841833126
705	0005028479
706	1682113979
707	0546982805
708	1967252936
709	2426832379
710	0845156034
711	3988109290
712	1450749407
713	3854973666
714	1468313261
715	1982766834
716	3087760361
717	3396600530
718	0991424425
719	0085637997
720	1354057170
721	0070787412
722	2994072172
723	3735014090
724	1802519592
725	3992438604
726	2703662028
727	2429034691
728	0851277218
729	0795806888
730	0209019998
731	2261132097
732	3079838801
733	3481756887
734	1028064801
735	3183995894
736	2931598652
737	0792543677
738	1397258171
739	1901436913
740	3892478981
741	0162722931
742	0068785351
743	1941350120
744	3701386012
745	3857972202
746	0890065415
747	3572047250
748	3746179701
749	0011871021
750	1892365855
751	3176032521
752	1079845223
753	1823459508
754	2428252165
755	2619133380
756	3632835099
757	0651726433
758	0753522601
759	1497575384
760	3074391883
761	3310263206
762	0238183110
763	3385358257
764	2422933017
765	3891189050
766	3808371526
767	0607515392
768	3711754244
769	1216070517
770	1085692213
771	1357235180
772	3431348678
773	1331390240
774	0432392463
775	0930782514
776	0870389283
777	3091742718
778	0819791935
779	2642813695
780	3489579345
781	2506389672
782	3212751413
783	3614114169
784	1159715669
785	1207024838
786	1813421489
787	1807942187
788	3303895104
789	0148746227
790	2098294075
791	0005995162
792	4140314312
793	0218912433
794	2794501494
795	3518917321
796	3675331127
797	1428918621
798	3965473135
799	1250127609
800	0100153645
801	2045016165
802	0494291776
803	1806424579
804	4084945943
805	3925218785
806	3099738001
807	1342751923
808	4002615536
809	2229162588
810	1277021201
811	0894846568
812	1609901513
813	1094591153
814	0997219932
815	3284724348
816	2609524821
817	2146683363
818	1147048660
819	1597169280
820	1962020697
821	3332870586
822	1419335547
823	0887451937
824	0254665711
825	0725161867
826	0256626491
827	3576765614
828	0844737115
829	0436949250
830	2143074723
831	3405311497
832	1553512323
833	3997155567
834	2543488357
835	4201169092
836	1206251903
837	0006615382
838	4072715284
839	0240700277
840	0259031575
841	1013075057
842	2728570660
843	1913996043
844	0368314929
845	3829631605
846	3585980150
847	2139556178
848	2354444082
849	2713350751
850	3063307427
851	4232884196
852	3234812199
853	1835626529
854	3032864462
855	3544831839
856	4135915648
857	2646176889
858	1328755310
859	0324663846
860	0303641534
861	2480405137
862	4288983997
863	2063128164
864	3043520530
865	2277788414
866	1700180289
867	2552446318
868	0607593686
869	1524870365
870	0177499979
871	3194073773
872	1579812697
873	2675496156
874	2157649530
875	3626130454
876	2666500209
877	3168131195
878	1472199865
879	1571062742
880	1170505571
881	3945076091
882	3845730016
883	1909144619
884	1660527633
885	1541487718
886	2200054758
887	1383375171
888	1556113087
889	3840218754
890	3114286665
891	2247690378
892	1001266080
893	1887403122
894	1647561658
895	0758440300
896	0846743396
897	0086101522
898	0230063470
899	3077557871
900	2377089248
901	1395912647
902	2792448880
903	2481919618
904	4016136133
905	2714590809
906	2936494920
907	1034809840
908	3061625110
909	2173153367
910	3949982333
911	2542824127
912	3277042779
913	3169749940
914	0989940625
915	2794880556
916	1965117399
917	0916333564
918	3327837259
919	0096825847
920	2801159060
921	0409683629
922	0325691056
923	1622224019
924	2437223237
925	4121931832
926	4028918451
927	0103978598
928	0171188896
929	3017876226
930	0268034970
931	1277289451
932	3790649429
933	4234472312
934	4019697426
935	1466688505
936	2027112012
937	2963159839
938	4043823748
939	2865839004
940	3971147726
941	3184877987
942	0710086611
943	2917881936
944	0002548934
945	3312794583
946	0817866006
947	0671200796
948	3872906913
949	0277023994
950	1269703503
951	2897013607
952	4218400890
953	1433181600
954	0856341849
955	2047915568
956	2164392273
957	4117717659
958	2120663746
959	3358789263
960	0928135000
961	1655377646
962	1481873850
963	1576913877
964	0513147653
965	1027964924
966	3619688481
967	3621784544
968	4115870079
969	2491409214
970	3675478356
971	0701638577
972	3022314045
973	1997240469
974	1186819602
975	1378813295
976	3720034058
977	2196327922
978	1361069829
979	0211860063
980	2423044273
981	1810311450
982	2003566443
983	1465997434
984	1384463585
985	2407790677
986	2292673101
987	2252628235
988	3226730224
989	3927072901
990	2945622033
991	1807256554
992	2649069389
993	1618596321
994	2004464588
995	0076152096
996	2133769810
997	1253358519
998	2372366281
999	0501041619
