000	0003211314
001	1825064035
002	2328108293
003	0962262797
004	3003463106
005	3927398938
006	3641268389
007	1058724304
008	2351205812
009	2089994762
010	3095736167
011	3613607602
012	3919281945
013	2124806512
014	3922457847
015	1212452222
016	4056300019
017	2162966632
018	1239595088
019	3807352765
020	0754520597
021	2592247839
022	0772429517
023	3644894231
024	3039491751
025	0046855168
026	1941823194
027	3209935562
028	3931461626
029	0621656458
030	1003328579
031	0008616614
032	1052743747
033	0281901585
034	3798916129
035	1191524875
036	3060088359
037	3887744926
038	4138507375
039	2358547289
040	4240940622
041	1727603135
042	3900577659
043	3177281917
044	1278869072
045	0966940009
046	3280733860
047	0417820610
048	2010727201
049	1203770081
050	3579651734
051	2874125891
052	1199034793
053	3986416868
054	4083255152
055	0270892700
056	0083134281
057	2907269504
058	1803341763
059	0586228532
060	3879387982
061	2022386620
062	4263314285
063	0464020475
064	0980927286
065	0648090304
066	0088117473
067	0979115946
068	0109855407
069	0055030725
070	3886124239
071	2440139947
072	2115825301
073	1600730429
074	3697299266
075	1374272135
076	0424508482
077	3960206225
078	3775670080
079	3560090195
080	2224269117
081	2019163338
082	3532839896
083	1024913762
084	2579317611
085	3348270479
086	3061905750
087	1886108617
088	3546564970
089	1968600100
090	0057660932
091	3134199658
092	3759029196
093	1394861153
094	3703424457
095	3429271492
096	1931224505
097	0245957090
098	0219507413
099	3022224816
100	0999416728
101	0545804951
102	0084510817
103	1243233600
104	1916489232
105	2534810685
106	0451476050
107	3410682025
108	1481950289
109	1877993119
110	2323496762
111	0650807665
112	2486010484
113	2081502556
114	1407225515
115	1727716087
116	2055386684
117	1808390307
118	1607365189
119	4089485313
120	3208653329
121	2918901821
122	1904060658
123	3531431398
124	3991512944
125	1212048392
126	1311807124
127	1552792622
128	1832965973
129	2739870579
130	1381350839
131	2148828570
132	1199159322
133	0200370979
134	1975801441
135	0893370607
136	1306030513
137	0331314391
138	2889442948
139	0150732074
140	2722125155
141	2054904400
142	3744293716
143	0658062232
144	0973607634
145	1999905174
146	1948115295
147	2005487590
148	3403767151
149	4019099985
150	0714977998
151	0466639277
152	4281636184
153	1429881301
154	1031789315
155	0116359313
156	1867545343
157	3083375322
158	3572405493
159	1708467941
160	0898745190
161	2695701449
162	3363359864
163	3484665107
164	0213647992
165	3220738862
166	1307551725
167	2014324192
168	1268914522
169	1773650391
170	1343618255
171	1121069712
172	0135101608
173	3929266631
174	2397436726
175	4213394431
176	3781826592
177	1286734645
178	3175213501
179	3024378733
180	2037646717
181	0312306143
182	0622439441
183	2522736708
184	0973710637
185	3821788055
186	0155384942
187	3874210831
188	3857015969
189	2391991535
190	0244481351
191	3027425338
192	2802373579
193	3838651740
194	3036944665
195	0743263102
196	4226890541
197	3157512638
198	0646217546
199	3322394728
200	0602445088
201	3154834922
202	2544979993
203	1885899152
204	0129719508
205	3521522570
206	3362889688
207	0277671048
208	2372988605
209	0112057538
210	1397522810
211	3669211638
212	3381263597
213	2840258544
214	2607532186
215	3630714354
216	3002568301
217	2451768717
218	3200826657
219	0762387629
220	1977998659
221	3262389449
222	3079523484
223	2227173346
224	2439808077
225	3251344749
226	0777997481
227	2755439283
228	4021043629
229	0396473742
230	2224463849
231	2907754537
232	0034072223
233	2666604723
234	3812795337
235	1125245503
236	3508171825
237	1218055821
238	4031772950
239	1863897870
240	1443151129
241	3570555093
242	3737807072
243	0534808766
244	3004634633
245	1894884924
246	2943264335
247	1518233045
248	0963629777
249	1602109803
250	2104874648
251	0656360650
252	2847917916
253	2648705334
254	0339123804
255	3000674291
256	3451165275
257	2198339223
258	2249717977
259	2151089329
260	0948039630
261	2157894206
262	1459879466
263	3558840997
264	0535297286
265	2740724913
266	0462477092
267	4207045317
268	0468515376
269	0778424817
270	1294704070
271	1044129405
272	0715324610
273	4030108363
274	3504888749
275	4089632236
276	3902420452
277	3360835020
278	2352095405
279	2786391073
280	0066008553
281	1548072325
282	3374231044
283	3039633458
284	2491965329
285	2158280999
286	0704749189
287	1415509145
288	1754041608
289	0923891495
290	4190912932
291	1036187010
292	1192329630
293	3132445102
294	2445179015
295	2770012196
296	2624658265
297	3059560176
298	3383814107
299	0524233194
300	3319598297
301	4272023015
302	0763208822
303	1837146565
304	1733061654
305	1576399691
306	0403757709
307	3997831074
308	2110230132
309	3062237655
310	1325796044
311	0178550095
312	3267421030
313	2114649108
314	2201681387
315	1919038472
316	2289270182
317	0990905813
318	1769460984
319	0271998943
320	3861539505
321	2401298640
322	1256863627
323	4088085962
324	3658456211
325	3614038486
326	2501302695
327	1863123602
328	2043197454
329	4153476804
330	2495163019
331	1608972790
332	0941512124
333	1351606192
334	1157952368
335	2728706354
336	2724215387
337	0990578015
338	0989713643
339	1606426835
340	4107061193
341	1393892251
342	0546994381
343	2451132484
344	3928738035
345	2472233340
346	3517435310
347	1657568860
348	1262505840
349	0123835501
350	0736753678
351	1957631509
352	2420725410
353	3855819957
354	4012920331
355	0034803846
356	1826365617
357	2038061631
358	3357529791
359	1519122255
360	1549260316
361	2306159632
362	0116209560
363	1804703875
364	3924501609
365	2032507980
366	1114466733
367	3199066071
368	2221246028
369	3074997609
370	0417820910
371	1359089179
372	1220970701
373	3899803677
374	3362851071
375	3558578929
376	0547240057
377	3990458137
378	0411711273
379	3474986041
380	2463942035
381	2579743697
382	4194413799
383	3940485438
384	2394317892
385	1917547563
386	1771661278
387	1462478417
388	0239165622
389	3936109822
390	4284861883
391	1614411809
392	1400703440
393	3601941033
394	2134599658
395	3009672231
396	0481336474
397	0994426732
398	0061273673
399	0119780071
400	0137939049
401	2994150643
402	3292635898
403	1183624696
404	2662417081
405	4134357512
406	3581576407
407	3489559394
408	0832336308
409	1773052449
410	2385335171
411	2180588270
412	0401760841
413	1022787461
414	2213180498
415	2639711116
416	1511745019
417	0422681115
418	1728696837
419	2359083861
420	0659922175
421	1835259839
422	3767503357
423	2896351140
424	0688900005
425	1133409704
426	3733693394
427	0568389914
428	1266396910
429	0442163907
430	3428731222
431	3116273596
432	0177215896
433	1917065561
434	1984387245
435	3010531673
436	1270353422
437	3060136019
438	0682907661
439	3751443607
440	0293036887
441	2751887243
442	3875614875
443	2065739317
444	3128021168
445	2455753761
446	3534770993
447	3792513711
448	2704525570
449	2237326970
450	1438429774
451	2472942810
452	3667582070
453	0696268477
454	0290946702
455	3998954686
456	0842908096
457	2958891966
458	3030762683
459	0622674961
460	2797257236
461	0433437634
462	1446755636
463	2947819483
464	2714802527
465	2791354644
466	1500602049
467	0936146494
468	3456073971
469	0134912879
470	0674551344
471	0787119319
472	0292425538
473	3493480907
474	2964953873
475	4080107528
476	0869436640
477	3956521829
478	3152032367
479	2405146330
480	2844045074
481	3765403804
482	2275104316
483	3507421528
484	1422912073
485	2323134072
486	0205471934
487	1525607295
488	1917539152
489	1254424009
490	2650278828
491	4097260324
492	1484003965
493	3584615881
494	0205793731
495	0296968677
496	1953354986
497	0021728042
498	0684975515
499	3126417308
500	0181862353
501	2648830180
502	0288471178
503	3158865659
504	1311031346
505	1025521339
506	2917416319
507	4001344185
508	3952169105
509	3012779544
510	3125751113
511	3973126911
512	1519471343
513	2908521555
514	4292770505
515	0067586990
516	0983322176
517	2527042374
518	1553221606
519	2132295926
520	3347147220
521	1133483037
522	3822035806
523	1418592654
524	3895510241
525	1788741578
526	0339905605
527	1783859814
528	0851259056
529	2916133220
530	0076956350
531	4174054521
532	3668434516
533	2238860565
534	1350508343
535	0298520496
536	4200929022
537	3759565262
538	0450127193
539	1671891567
540	3924252224
541	1292507597
542	3135775674
543	2022044701
544	3663822863
545	0364262519
546	0712044555
547	1770455439
548	2154729209
549	3387953548
550	2257008981
551	3292025225
552	2554695483
553	4156245688
554	3038475535
555	3941941761
556	3646679030
557	0935766748
558	2472057408
559	4045508625
560	2530674636
561	2284947313
562	2551823303
563	0953896216
564	1847894956
565	0075194339
566	0116875072
567	2324114332
568	4277226282
569	2868679109
570	3771877022
571	1211520532
572	0159473571
573	1801697579
574	1488815302
575	3202605136
576	3795002295
577	3616694466
578	3860155595
579	0644935520
580	3872028160
581	0147555221
582	3071636026
583	0543831040
584	3309913985
585	2730132369
586	3974900883
587	1227874250
588	2046139117
589	3420755998
590	2089696013
591	0548883675
592	1594371759
593	3424448626
594	0272935778
595	0725061263
596	3656363094
597	3835490353
598	1227330225
599	4217339452
600	4214042119
601	2691263408
602	1045245366
603	2904233062
604	0663426127
605	0497153130
606	4020979101
607	2839923370
608	2819899948
609	1530491353
610	1832354072
611	0867709881
612	2845400405
613	0327483145
614	1683228803
615	2233690978
616	3807909660
617	1877065065
618	1893807919
619	3899628551
620	4069857381
621	4135138473
622	1568697508
623	0860580784
624	3994803677
625	1633390537
626	2253985582
627	3409116228
628	1704937146
629	3175082692
630	0831053243
631	1129809568
632	1038010676
633	1226940230
634	1791330151
635	2620374400
636	0666336717
637	4293150551
638	0602960176
639	0828416478
640	0024825979
641	3504526872
642	1249857967
643	3404010568
644	0859753421
645	3469777524
646	0989874294
647	3871212243
648	2479849923
649	2344223880
650	0443127310
651	0568069388
652	4249890935
653	3413363433
654	1817037612
655	3580762686
656	0128625881
657	0077770717
658	0015794719
659	4038259290
660	2029396717
661	2354824818
662	3063607415
663	3725078393
664	0596761802
665	3987980280
666	1671427238
667	3425033535
668	2944114762
669	0699129117
670	2074294597
671	2848993536
672	1571413599
673	0285533980
674	1859988195
675	3832015364
676	0591755592
677	0871931412
678	0726998690
679	3948245905
680	1620195205
681	2620121204
682	3815610452
683	1373280285
684	3195163937
685	1709922896
686	3134221986
687	1405490977
688	2036319345
689	3742106931
690	2723132351
691	0296742651
692	2411499180
693	0072573186
694	1435566989
695	0788954007
696	0887996924
697	4056163753
698	0828829053
699	0325243634
700	1431064254
701	4008205002
702	3760319860
703	0978932229
704	1895341700
705	2112565100
706	1949534485
707	0085771923
708	1464243748
709	1202167506
710	0455972421
711	2487490204
712	2502185657
713	3470528972
714	0847497492
715	3088689657
716	2253597455
717	0458339185
718	0230620938
719	3162993792
720	3886171183
721	3850487155
722	2534638986
723	1361491692
724	0982737341
725	2019581993
726	3156827170
727	3254752885
728	1172382102
729	0766567072
730	1667554993
731	2340893518
732	2219483161
733	2547836889
734	2377544974
735	0398108812
736	0546801826
737	2331574292
738	0827381728
739	2349426610
740	3599880870
741	3055117255
742	4152655081
743	0234276938
744	0623686571
745	3616006547
746	1430159078
747	0951716850
748	1706580011
749	1514665239
750	2662409072
751	0773965513
752	0908266395
753	2114504091
754	4136624415
755	1504719994
756	2316283774
757	3776732717
758	0552152796
759	2287074671
760	0665072659
761	2387141759
762	2097617826
763	1311315821
764	3896455177
765	0639249785
766	2734447630
767	2989660374
768	3591966815
769	1139741176
770	2805939528
771	2561278123
772	0769723942
773	1059163621
774	3735727009
775	3681082986
776	3960237157
777	3156148010
778	0657800800
779	0284463556
780	2691706209
781	2486876682
782	4077136895
783	2042063124
784	3424948424
785	4226449863
786	2518690387
787	0511566683
788	4044005277
789	3833539482
790	1336033973
791	1167909784
792	0164630096
793	1912594506
794	3967906759
795	3419491816
796	4033518525
797	2202806018
798	2243800157
799	1034680291
800	1904859613
801	3523974763
802	0648964384
803	3238245778
804	0591561913
805	3210540885
806	1483603307
807	3010421593
808	0237397938
809	1813492568
810	0603621379
811	2960016742
812	3652092196
813	2191766484
814	0372427967
815	3825678427
816	4191472264
817	1432702421
818	1925939844
819	0771313150
820	4162123598
821	0720342266
822	1083009428
823	0440052160
824	1543097614
825	3877709257
826	3726433928
827	2377392646
828	3135358185
829	0071924181
830	0357625456
831	1862120973
832	3761543881
833	1146844250
834	0786109241
835	1770144585
836	1433749071
837	1626155697
838	2713329788
839	4144006445
840	0396029590
841	0743279584
842	1022661635
843	1748150567
844	3720020901
845	0239040123
846	1199392574
847	2124162683
848	0257742884
849	2222910736
850	1117668161
851	2768543706
852	0963467580
853	1027792836
854	0494173661
855	0699143067
856	3777692057
857	0249882854
858	0964770691
859	2184088293
860	2106987828
861	1389428046
862	0530147438
863	1656438918
864	4018567117
865	1473659102
866	2534914907
867	1249193022
868	1145524385
869	1855958604
870	2109784068
871	1239377701
872	3932491323
873	2183424136
874	3907873729
875	0901288122
876	1423455842
877	1787968035
878	3881292396
879	4078498390
880	4065982136
881	4014811857
882	0039117973
883	3322815842
884	0616178378
885	0240407496
886	0373077333
887	1157667891
888	4226706053
889	4260032398
890	1783312049
891	2588005675
892	3426302437
893	4163055139
894	0068273342
895	2162764437
896	3909029909
897	1690424765
898	2807487806
899	1412798158
900	1655124153
901	1747303630
902	1479047549
903	4076715487
904	1736707205
905	2689958942
906	3837109469
907	1124727302
908	1018223113
909	2037134047
910	2744949969
911	2369887428
912	1123971199
913	2314696730
914	0530237871
915	2223968162
916	0756659563
917	1359510732
918	0090675395
919	0568996413
920	0242832585
921	4234558382
922	1013346163
923	3321525536
924	0331402297
925	2563917947
926	0944001076
927	0440766320
928	2948150445
929	3117530753
930	1939392569
931	2227378925
932	1692189751
933	3301899215
934	2407520728
935	4126417917
936	3309560871
937	0394278334
938	1902874381
939	0436860298
940	0086343900
941	3653769323
942	4205291627
943	3754966758
944	1145053025
945	4011178528
946	1770559288
947	0559043920
948	3137731637
949	2356453165
950	3583287302
951	2769063271
952	0718173896
953	3252659172
954	3938970132
955	4036072762
956	1828556226
957	3925185920
958	0214325402
959	0347854676
960	4175987155
961	4265914158
962	3783996270
963	2369531619
964	3587526575
965	1861060030
966	1478731408
967	0193732708
968	0707995820
969	3885239483
970	2791587356
971	0168334460
972	3061749457
973	0899492689
974	2888032606
975	4282088611
976	0070627914
977	0153158705
978	1362133806
979	0198396253
980	3497253595
981	0686819501
982	0588273096
983	3581533751
984	2518160691
985	1997644324
986	3072550835
987	3591059783
988	0792517928
989	3216254437
990	1973161655
991	0658200729
992	3044871546
993	1928494905
994	2446295453
995	1827058271
996	3769809296
997	2405134703
998	2711725491
999	2970194789
