000	00000000000000000000
001	13711087123092105108
002	14500388573104653345
003	02591411733793151699
004	13109266930372794446
005	17467982197196701397
006	14964989813502616255
007	07752300453184366196
008	13772110303938038781
009	08547066855053475039
010	14471980709885255304
011	13481993056409346505
012	04281597568467218548
013	14895684888700886750
014	13975976154435493932
015	01668931310770898955
016	07999722581861240217
017	12751704669868830278
018	13334806493048816802
019	07118676358844592846
020	05808731558426680608
021	00749213105808806919
022	01700699164187867919
023	17564485746586382732
024	10248953698255944385
025	14663900404291053210
026	17169054325753363926
027	14729389430257619453
028	04481143272776785047
029	04842831519615295198
030	16077618586944740716
031	13175979470079369830
032	06981795764657255806
033	08704165894700846445
034	12775885803819408446
035	09119012443642832819
036	10947311736632333491
037	07754252556507895067
038	08912841777950307948
039	16608634007408151509
040	05778163737417954770
041	01402809868958014010
042	03889229822603701132
043	09823494886691007951
044	07730523013036904993
045	15013506207574655821
046	13319752576331202909
047	11703527756345273665
048	09687823378016813846
049	12731375265076929201
050	01596988693677698466
051	03037954242140787293
052	00970021377307383541
053	09366981486874559309
054	14484397446553086993
055	07098477878530394636
056	12119087246435316998
057	17276699693561434213
058	06635228470633039677
059	13989444505358651734
060	06902493223217904928
061	17973412979293786542
062	00743099619086054628
063	14491171072293801317
064	08646442788079896831
065	04644315226677755174
066	02795435606394605131
067	17409379308391694838
068	14943338648517460460
069	10284057624935036209
070	17265358115480606646
071	00142918497144741079
072	05697174314145230928
073	07479278895735129218
074	12015343820029120905
075	10559562250302986171
076	08110482206378372669
077	05026638435240982402
078	09290961452326666344
079	03979399032341314739
080	05004994476349919141
081	10248757463571144165
082	03637631191578533517
083	03662668832063128677
084	10865380081919571300
085	11985981037138885307
086	02465541227296761753
087	05270967855640113279
088	01854767173841368833
089	07294170505974907684
090	00751358781132782522
091	13896735693287250621
092	15538980186711903959
093	01367649758680149701
094	14906412336664903640
095	04409736060850983100
096	10906053587156718994
097	03824837480359621346
098	17989650426289314186
099	10919637035685151867
100	15498263291493918337
101	18241791291494175959
102	09445593308473290840
103	03568452791824796354
104	08843688280486952902
105	03122863608908641988
106	16782229176886203876
107	13633536348030482468
108	08949468534102576576
109	16855573201038958559
110	18275692087401765063
111	04748435696232009748
112	12982159456164051935
113	14739061035494951570
114	03078566481934916827
115	03838489131384981870
116	14709146323892508169
117	01106163998394504727
118	18033538119986515805
119	05067445350923922195
120	02153673905122720973
121	10246273735851665565
122	04295631627330765703
123	17356350327739084068
124	06782903077433097446
125	06615750855572504997
126	12764840168108524997
127	16606483753141828238
128	05537004386265185471
129	04725379864513552924
130	12573712067209924084
131	14595577459996340889
132	07595554509702072263
133	13380753827124743418
134	06716302252955613973
135	01505881572764925902
136	13687036071718653765
137	08358334922784496279
138	07249162352137021800
139	08065171537640081414
140	03937890007825017932
141	05206830438978941638
142	16503255524061780789
143	14385367618412533453
144	11964562674215363032
145	16462636657648175177
146	02492479067560959998
147	02686344809231743842
148	03223408989004227312
149	06832767660235623981
150	14067409403724450019
151	17426877071912603208
152	03324346922332880118
153	13839205506861447503
154	14089171344327609312
155	13492285014076847414
156	14290230558963716657
157	02600624418792921264
158	14225830293324410759
159	08598342818244108996
160	13231046816087986987
161	09397862361242872863
162	14483173260238874818
163	06633147368871405355
164	04290421564571672326
165	02905984298821279866
166	07819048031274962744
167	17127480721692081345
168	16842928209330583012
169	01375871519430505303
170	04684652087507428089
171	00232896244958323793
172	00975320549131124402
173	12070524273544591914
174	01265109696113566223
175	17112290938096789311
176	16440674433187554625
177	06751547552388665603
178	11485867741920943219
179	02130577957459918850
180	18318988117195014794
181	02292598876212219184
182	15989520537921754608
183	00277358577051870556
184	11044982579634860412
185	01114826457864512938
186	08853670264980748491
187	03525151298271500721
188	00233136870778057750
189	03472184169853707536
190	09082447871581301176
191	10021715608225288501
192	04643705467085228737
193	10694583336076327340
194	06533653297242533333
195	10105180989893815509
196	05847048631932085485
197	09659074411379988994
198	14803475321423587435
199	07163466303675154988
200	00631238894254890878
201	15942534101370319949
202	09985447827772461211
203	12531302135913921823
204	16412220332883433510
205	11277566173013168336
206	07269266829809180572
207	09858305157078739447
208	06757480128853492854
209	06148403850119605556
210	15341088934385549068
211	04749092524488652808
212	05905589538015326792
213	16649127171284972642
214	16363675625757876963
215	05954178323733290432
216	08368658459305587309
217	09021207586852155064
218	13503899852955357922
219	08428720256974867274
220	08124457145793790768
221	10120229314159864659
222	15843898128589279146
223	15827253549697617395
224	13969087633766014900
225	02520050371876834785
226	16582545475503378228
227	10604344232802190964
228	07014492807391130224
229	02656944760209476471
230	17594358949432903931
231	14372639259837806697
232	06970708287587413936
233	11742596200634769991
234	09797947238089311485
235	15747924083086896326
236	00058841336791928366
237	14837908787965407810
238	17287745675959701897
239	17748400051377912434
240	18337719783082231775
241	02655634940499739720
242	08399327970132953949
243	13442200659356290839
244	12264677965512817833
245	13609320043326129018
246	10617076955162388048
247	05908594825164255540
248	04717967156898005388
249	10159092343882178739
250	14507288810655393544
251	04434644362404262917
252	02465919980411091725
253	07118987840027833161
254	05784904341973827066
255	16833365683875999195
256	11785029174396680193
257	00525652299364072346
258	00744319849296446568
259	02028788057697035971
260	12346937012722536514
261	18406399277398428248
262	11161289867805572521
263	18185938601856063925
264	16707580205268811168
265	01031049197566019185
266	11851372448478200020
267	01992579472726959932
268	13542780860780235583
269	00888144659858971395
270	12625111849188786052
271	00778824725098186124
272	15071096032384769670
273	03673607039774625892
274	17163500975281365214
275	08272828965918027798
276	06320824656182759774
277	12313817856909050496
278	13915653903836254078
279	02404805848686122714
280	15240711061613858032
281	05178538055095999520
282	15858555147676292433
283	02548620724912855696
284	12586363187564033711
285	02064405750914742565
286	00139824391437305780
287	07073330187550502905
288	16039084061859082046
289	04661102003952514157
290	00526864765639907869
291	15129439853632109608
292	15581289433968460096
293	14049445356915703506
294	16321608213093169091
295	16416869975600834944
296	10008956853929332544
297	09974969654194962846
298	06750959040370116198
299	07158237728730973851
300	12499035871307173673
301	06804104460304622238
302	05229439568406944815
303	08855953395435758496
304	10012185499586436059
305	12763398765086796547
306	09704189665767181969
307	17596348375852884089
308	04440268804875028532
309	06889208681783695827
310	14695399983779106643
311	14483205487631174035
312	11099620549032389374
313	17566013378176327128
314	14103497027763911568
315	00948950516760571600
316	05135932363698188772
317	07204182395012098248
318	17432593265240021342
319	01104747397080041955
320	02780122199424885528
321	08957491526283204331
322	17546533687535100829
323	13612260554589195484
324	17777539410567763656
325	13094516916039645364
326	04734521410629596620
327	03821549291776329534
328	17616784692524738449
329	09892099795356785352
330	18273407094222770079
331	17732490317540844711
332	09847317228664425373
333	02079423722208624998
334	05212428418238022284
335	11006486272861995304
336	04674173872542379584
337	12154964427505179662
338	11764208158550819285
339	01298969652513374127
340	08978960233433376332
341	05452089240233798305
342	09680083674542783023
343	04319116627913978506
344	00550957578295183886
345	01088741417994831540
346	12531596067235492104
347	08205413754418698907
348	14481819792922695723
349	16759120651853250797
350	06902385328213473930
351	04739607604917406192
352	05743168332012490294
353	13814750709644514083
354	01342705612912282408
355	10359572900989420263
356	09827301361049139695
357	16654418906501353347
358	06634747401080631364
359	11815661479099387159
360	01202508731230983151
361	05702213861620967864
362	08162201433787032524
363	05954431481976677628
364	05606366862888392527
365	02006203460245372578
366	16527537783004359201
367	07417014673044135110
368	00705106401864652130
369	12756553440879719199
370	14128519400363103517
371	14659798419753071941
372	14911510397604623083
373	07187839851119388083
374	10460421498354689928
375	11417189509412930603
376	11073065797681704115
377	11560937209400073845
378	04033683815735287710
379	08396856405567983583
380	01066587310525080520
381	14012118701515165711
382	16036296814305617319
383	07817900509280135992
384	05768988540230552831
385	14694926060459158191
386	18235009144885561826
387	05817591311367576247
388	15779296575846967153
389	16456775473382632738
390	02709775202023192888
391	09521329569572207590
392	11856531054190367164
393	18283209834700333411
394	13624231513720668516
395	05214762212353381401
396	13115058058009084399
397	07979832127727883609
398	09024676535574622416
399	13514916710887524010
400	02184289492435960382
401	11735706549994062538
402	11207783544525615029
403	00762151033550792216
404	15586984285788445508
405	16355617377312307797
406	07852369867085907431
407	00684728810744095250
408	11516959711378571880
409	07975492162801256469
410	11299151407542949603
411	03058782742204562510
412	00592367082353329598
413	15541824313026686117
414	00498326412687808289
415	02793287284584795533
416	10537571978411568440
417	11264478318738927068
418	03867466551481875415
419	06652248545514334101
420	14560249819421231380
421	10702005785359837048
422	09377864064139289372
423	01260564481567352338
424	06005184268157797361
425	00042867388272493828
426	03013468416130824385
427	12655299176413298211
428	11318347514404838827
429	10896387936109177936
430	13234232489255060497
431	04823366227873757418
432	10676200041937261796
433	06386257942412721659
434	12148342021078870293
435	04806317800368691059
436	07888919142418488408
437	14150958371831360857
438	00928443178398636132
439	00816912893801241463
440	15853738663005132894
441	17346031926069286404
442	03316969361863396140
443	07632035822812073453
444	00254501767848953992
445	05871095792664594160
446	05968764935455109824
447	02280960681380429780
448	09384125021042620678
449	12586289277971532035
450	00056188456221999590
451	08545862571220783390
452	17151700160349595338
453	06608450513773356705
454	10074945454045216984
455	09770768219437947792
456	17701900974776487101
457	03137502110400545319
458	11126691427646252389
459	02606905554037523758
460	16419370962920944943
461	04311547951728912632
462	03127072773825906704
463	08948345341872803586
464	14199140641808196079
465	12538385167879072796
466	07918281043849545871
467	14920041116170787161
468	14837834834632470582
469	16401369135852028646
470	05511911811204416250
471	13777753344419042104
472	03063366457655207228
473	18152448465053470494
474	05347420131940223162
475	01476370725523088245
476	02941093737635920292
477	00650124301879356730
478	09909162843392447156
479	09753355415701571691
480	17236807474837396562
481	10152928687638387750
482	00152669088489461985
483	00980009908524015318
484	04384680039613766510
485	01009600577175173655
486	14018806493117007296
487	01658348901304268939
488	17616976833658702994
489	07521868002167861026
490	17606937919723753178
491	06014099659138310720
492	10113936529763745941
493	10303598755433476489
494	10002719127535358552
495	15729888298658060296
496	11493258205318876259
497	13262122664972719939
498	14099207882023733409
499	15213660920958752811
500	00985240582614081102
501	01754803517147471551
502	02291761775481754596
503	16017956133856695263
504	08831159817385708457
505	04102252997481688962
506	11860168322854682356
507	02190146717568940699
508	17988750218891157278
509	13780297401951901556
510	07651357698282607782
511	02115257725928910374
512	11827914378760546935
513	00355066342748340080
514	17459935506162612300
515	02138719741780749046
516	17837507094953942298
517	16703076682317225121
518	04415493591687657451
519	07235554907838095575
520	06745427195420814245
521	14957093763559753584
522	11017151239312015096
523	09375051621279719444
524	04618091587982319342
525	14277234557097375470
526	11923943925357369110
527	14444114862479579744
528	01705510858041414948
529	14024308642796875214
530	10283059232491936331
531	05466350505936437954
532	06293659283211500091
533	10280245676649187398
534	06635244317101102829
535	11737782585457882779
536	17991934342363681662
537	17879069541917868866
538	01802893626214179462
539	10101513162773052642
540	17905002225848811263
541	03665489527513497727
542	04529902037561984093
543	00803277374339661821
544	07620348723121776266
545	07752521156962188109
546	08741573540881195712
547	09614391615727891841
548	00937759807610123963
549	09638289005505762037
550	11200409567518560532
551	05201819993532591926
552	03842283704652929218
553	01330234072526577793
554	16682674681596158713
555	07281052624994662339
556	14509252931891792534
557	17803752282809369239
558	00202239800348463118
559	02934280779822144345
560	17555371466712261400
561	10542572652382848408
562	00284253166966941590
563	17473053422314231065
564	03684129001348667420
565	10721758350624623583
566	03578696130373899638
567	01823619036761169989
568	01060646554208737117
569	11504237685820481805
570	12950177427308392602
571	01237717749552995323
572	11440145353490846412
573	03456556681482746474
574	04205179407986106205
575	05080949107459793018
576	18223689321627757432
577	11236434607179222742
578	11757215043718124779
579	18442655951161502787
580	08072817247730016061
581	11753923773034222040
582	04368566730887738532
583	07109016973947360055
584	08955013735426606477
585	00873075183826784319
586	05954109959379680220
587	01907576127682252502
588	17772425828292399605
589	15704765756721725335
590	15598238106562923066
591	15751549990513713626
592	09087123305958168854
593	15981372954084370565
594	01077469394627765683
595	02108639960852431366
596	15908839186956214132
597	17083756438041344652
598	01169387449513285172
599	07512653529647747353
600	00979467170552435257
601	13047703377413132488
602	02039391646850976528
603	06145325151292639655
604	01561294551211128604
605	18144928099166913663
606	05037049812895953572
607	08549303841543164418
608	04159240939973803987
609	18280107838145882602
610	08474087994446241651
611	04208143039754099256
612	17911386905952970906
613	09800607085156791075
614	00675167595014000281
615	10041432581915503824
616	00956318467108979040
617	08813298345762890061
618	07196525632246634516
619	08862267458702144824
620	14937761384827102690
621	08616739294002642029
622	05616839590298189990
623	17451380694333360742
624	15134801410264654287
625	13995920767190299482
626	06316106837544604540
627	00344366840322148243
628	02594170063256045248
629	14025762879706405684
630	03550996134512463769
631	06724633584803424871
632	04825659605453210595
633	09969602015056047096
634	08363143154560171953
635	07306362838110259372
636	01065128562978331850
637	03209420606104037189
638	14264325941825669478
639	11834650169566773776
640	10572035767742941337
641	12099519850451535476
642	02326004279606488083
643	11973091086282886829
644	14403705293385446232
645	12674806990826490456
646	15635367470571692155
647	08656875720103540988
648	16593929254203317865
649	12156022471501393280
650	12350800601840517967
651	04187086381267499339
652	15858327489182333775
653	17221045721155044655
654	07925394391839878250
655	06677965411751337850
656	05986479645306630670
657	17288164017331002819
658	04939844808430807112
659	14520140181069313333
660	17579469368542267377
661	04257795359430675632
662	07035193032921974490
663	13182751092763435200
664	06624220853006430505
665	12579389938393475446
666	03240409685875232489
667	03378931508466498221
668	17688662270994673460
669	04458910112402964833
670	15245067114583244735
671	09900625457122755021
672	00456265680924993454
673	04823369472273558430
674	16329894882889151515
675	10711928163766287839
676	16452761537787596146
677	04925377811002181516
678	10461175526727596631
679	01304904293727656676
680	15030889327844342819
681	10294271766037258849
682	00532381061497120427
683	12380916074853442049
684	12689290698411010222
685	04549507017585703106
686	02574785184912852565
687	13334047498006282984
688	11156453901075411329
689	03820104045480986963
690	03720726595195031338
691	08009188918100417956
692	10431975241916642756
693	16632193533771335540
694	17425777703576234246
695	01266394735748205914
696	04492986767406100593
697	03510674216139109833
698	00697410983866549001
699	11962570178349020104
700	14586550026383639620
701	10704494561391165777
702	05483058091520266740
703	00885194020291134932
704	05842313240781935912
705	15192002226464381576
706	11448112571819656077
707	11334011946976298715
708	09165108533970178057
709	06127451958129245449
710	13684700445882369813
711	04117500548472578888
712	17146940494475887518
713	02124617675043227384
714	13012226502850243061
715	12776775517381099775
716	09215993052068146249
717	02213674983184290670
718	04342696692911399177
719	18009445734358203711
720	02106277320626777669
721	15784941674489776928
722	16571047163232929423
723	04789349502597306916
724	12924938159721293026
725	04280198147753075234
726	16771084348375995941
727	09904024450265812473
728	17319383401927138846
729	09778943464928903302
730	07692272899369356184
731	04931120950354045055
732	04922100184003010755
733	10761137951639566353
734	02141334693516665043
735	05642505121558333268
736	08458215890730642364
737	01681454198932196596
738	05635485914197483998
739	10249181417556447320
740	13463755590387316332
741	07339291718040248674
742	02487422044171705002
743	16333456509309110724
744	02294648875935134940
745	10772998438141845020
746	16292858816744740644
747	06074012638220796632
748	03810786089737576701
749	09807614409427690877
750	09953680532520713506
751	10897012158814913342
752	04669631980995058589
753	12672480299076234609
754	01126539296709486509
755	05668260157461838670
756	00404942256499834359
757	04412627068336128085
758	11858660631024678486
759	10267253672285812024
760	00702548966131997607
761	02968526505842332577
762	03551500146320304334
763	12352859720184975348
764	03558413974936171762
765	16655097444109519132
766	15056618175769730350
767	08358194424866441034
768	05346130714264742888
769	00896852884191212005
770	02630773729415448703
771	12063052222559645000
772	10460980940396576467
773	12191832724976745274
774	17732093067633692181
775	08555027692761058423
776	02573397320868008730
777	05287995488736331484
778	09289310249376298152
779	16455820872989215758
780	13908784739813008365
781	11728825325182433591
782	15831348028770344971
783	10664604244598909301
784	06613244130916599850
785	07059144505696507499
786	07068193308318123669
787	02300064091802560668
788	06247727684828183242
789	11935840322001545569
790	17866863710558847242
791	02196903276016116289
792	01168051587984658264
793	14764361004582757858
794	14140738932863152600
795	00655514996464365786
796	13903569749189819370
797	12726915652361836000
798	16072762587071847304
799	17675640096533177771
800	16145076527450059294
801	06352787099511609545
802	13977320980223314887
803	03341071084480979551
804	05976804320931337142
805	06908668492119773613
806	03085164314792776209
807	09866898520486258273
808	17237241875253941135
809	04558307831798247663
810	01270699925804314207
811	13614663568872996977
812	10877717854952212924
813	08291363713969427301
814	04224102916786117769
815	01029275231304966603
816	03493898716305857090
817	09510622405175658799
818	12591133181523279737
819	03886661351729986501
820	10397422511237675945
821	10512926721207083015
822	16070022700881805844
823	06950838855071521211
824	01883574268178235870
825	18257462799510652467
826	09865779383406319941
827	02561290555498850229
828	07011995693183058679
829	06305723231094300919
830	17410135035926645312
831	04530890435088946550
832	14065856409613659013
833	18095056819492206513
834	03596848387976836222
835	13333343503872531471
836	15156596953623428292
837	11385895534953348097
838	00689960118182143314
839	11327816348978971738
840	18344937882181814816
841	13126479022190999584
842	00411740353796479605
843	17826172497146171589
844	15668887106787651427
845	16158709086025483682
846	18079561596358225586
847	06013599310334455321
848	15800874932159385780
849	11186717241318762661
850	14876104209505767196
851	10349242860419001682
852	16923863048789987608
853	04399298439471517513
854	14339194582786458467
855	07563981110433619312
856	00528130051104497008
857	09256800594114008445
858	17744907056757667704
859	13818423435897787176
860	08152766664700955291
861	03214760776494908570
862	01519091326697154355
863	00592306207462436807
864	03749544343449602670
865	15776123420000083278
866	18138116176766629801
867	09018532116159268943
868	13947760297352945174
869	09833979973901338976
870	06067605918095179131
871	07267200240760164203
872	12536215180689702585
873	07588168708265644487
874	05210494806303989080
875	16512841503785665886
876	15643915114565928528
877	02805915311572518164
878	18082385218797346725
879	08715234899711043013
880	18422444181539121007
881	01452236047132659877
882	03589232354117781939
883	18206267485819364972
884	16298231032457306812
885	07686000928979954208
886	05267858972155238467
887	17570121992658478774
888	17245325158521270960
889	07712556155237378721
890	05059692928470738067
891	07906941399794408804
892	03387494857997591338
893	12443352795257902788
894	04741539632004630528
895	14472659475146822715
896	03505254103918674478
897	11993119678120198820
898	12032369060633427975
899	02035528533715728362
900	07564679682118653224
901	09600139476542128637
902	02099140926107519310
903	15404851124463660218
904	13790150428353969123
905	05230378671113673511
906	00282007826410386827
907	05874046644970642411
908	13665489840561774644
909	00253555480594813969
910	13177271937739308122
911	08866255185148471514
912	01752641013544927416
913	11658340253790217571
914	03454015041503007517
915	09728531059744846593
916	00892210367662652832
917	17266035088671825721
918	14160500652094471351
919	10264922478661330446
920	12550200221125200796
921	10083830660713026624
922	00961626536163701160
923	06483023963063134998
924	09203708908908546274
925	08862036146554251268
926	09545175313666048833
927	03777408395727223533
928	03962491545544699314
929	17816413054896091089
930	18003156370393745381
931	16449166532167747603
932	04010562467221478271
933	02052986457604086539
934	03625397839426653253
935	00058839972720984816
936	16461053375960155815
937	02570304091174499433
938	10633999332254983114
939	12615479229850237447
940	07735562338301440178
941	08099578436274700026
942	08753874881977131834
943	13189968427797213086
944	01389754984144446924
945	14230433705365887489
946	09487231920166110932
947	05072726678574970417
948	03107916526957797388
949	17042405610537891548
950	06472937712983317499
951	06532556682643191807
952	10737546680635318361
953	07970279286329001205
954	07987975872221283580
955	12999571171457784512
956	15492697292882408154
957	10036694605491371534
958	04128889741304343845
959	06777243959110934421
960	13146171987380376240
961	01521308690471663594
962	01084563222653403990
963	04198621070089260772
964	05136798682740688028
965	02682598608935812249
966	00302238581491281745
967	03383980894700397058
968	09472767779091446294
969	04308150862069958269
970	08581838199002400636
971	08525242059524604578
972	16578929520423583109
973	01281573829450366547
974	08112527179106852717
975	09224226905551905623
976	15671198686435852753
977	05045963148799527139
978	04348149231722879150
979	11852214919628193607
980	17714973090356152397
981	17564952379912437062
982	08382023560188177012
983	06740409202838132071
984	08886661148528502233
985	06356790687627359013
986	01449298816520307771
987	06490940178700869477
988	17639229837181156882
989	02851363909270322078
990	05629966243044098550
991	09137092790657465006
992	11875348444137659895
993	09339102945841941786
994	11191356124492494400
995	08009539988712344542
996	06619753196226641424
997	06976009596045700671
998	16967355425963643314
999	04630656250766991579
