000	00000000000339996272
001	04747728252293103468
002	07090785683466224626
003	11030820873826250434
004	02627850528758888253
005	17440189354240206429
006	18196509015461128606
007	12563260506219360449
008	00496711471347821258
009	10301582049886197818
010	04237473981660721008
011	04533388928883572981
012	04080766508403955476
013	15820710416474133374
014	11684472471558576627
015	13568744774919737415
016	12481652519645219267
017	08595390355883554565
018	02973928104555489693
019	14166360845642203191
020	14316054301148165530
021	11097280765065436901
022	00995320756857891950
023	05634570130749486608
024	02176543854287341358
025	09716782392687068820
026	04733255322865301424
027	02022096731323555995
028	03072096820652767041
029	12820239457827597350
030	00650455964276121193
031	03044788803695553660
032	03476964081811435740
033	09003898557025129066
034	13144297782264365308
035	16949648698148424958
036	07373384455299847328
037	13170433793043627978
038	13013591379090878019
039	02134710416878286972
040	13002469753777022085
041	16282539561595906808
042	07567649808603657143
043	17488787640978083597
044	09887845971336643610
045	16911620803257247912
046	14878529872237104714
047	15330761436276661543
048	09835833116339106417
049	03771553303221292297
050	05244523881558226904
051	04284830102166781250
052	12148773241350784178
053	15487095467376608940
054	09481005693650734420
055	16712010643544356459
056	12568239728212039391
057	03496719783161797859
058	04477226441983590145
059	06829653881521203829
060	18183798730961378154
061	17164371346380904810
062	01029257073874430136
063	05621497473903625370
064	08208267121024799968
065	06110245629251668154
066	12343727115187669754
067	05677352670645390653
068	12811939178921261863
069	01425924343818144661
070	12743590913178526712
071	02610508845122183710
072	02113500669337479349
073	17282554354167749581
074	04488928428935134055
075	00959919531407072392
076	03889201050423552272
077	10163671361191266171
078	13656212609569333351
079	05139908882868225961
080	03749750013372073893
081	15846254027296431753
082	02390730623037627863
083	09932535183661286338
084	11860420982484093792
085	13374126605226810472
086	04724236163874624038
087	17818767797826354556
088	16917155110580340779
089	09885304687363777403
090	10405346580168828642
091	15403879409397533023
092	15100725319651035918
093	13336999887234242661
094	02211325881542303475
095	11691122152370369010
096	13248649863677756091
097	09800337236256621652
098	00716173418085739192
099	08598004188949419352
100	09179789735955184672
101	07783781327231197392
102	12499528723889021783
103	04691593005219131831
104	03921749871661084886
105	00150577922143720071
106	06238722840376998527
107	15844589518569832364
108	07949956130229109773
109	00233928982404863519
110	15609312042772642180
111	05429952017164580071
112	16132727806088251249
113	13679986507903591842
114	02523531031740522506
115	03480927349373135836
116	01901043658601652182
117	17227067977274952325
118	09104210951919783868
119	13688004157391760177
120	00687391557961303698
121	04792473258012752232
122	07850956295575098320
123	02513428000287176351
124	12956377222170417171
125	13785832195510914532
126	01333692246051480139
127	06581412671042661126
128	04545287349615374370
129	05105948223411600864
130	12478823680332097715
131	05254823452632586580
132	15064652554891032271
133	03219866196692272521
134	05554580229845076937
135	17607953342505699030
136	08768473986123186538
137	02998618365347756794
138	08279305744620678275
139	02701212657519234976
140	09555310213067035163
141	11084354511174687042
142	04738089647046393184
143	13959896692642500411
144	14575246334299049001
145	06586093633801404778
146	12666441821566482976
147	01170049878242623267
148	01340345526271076749
149	05330963493966547505
150	00459788403612726037
151	10212428315503488616
152	14433998574328900170
153	05319904798618037025
154	17487603530503603049
155	00695965693946962185
156	05345591153988314621
157	07309107513882331365
158	06043180426484117995
159	02775692919235600332
160	00526320355852096042
161	13445972931230036848
162	09247776410919375091
163	13069589148971470432
164	12774876043891411062
165	02775417297209151576
166	04364224862944342920
167	13052595212164744125
168	10483943408827170798
169	14768058419735554462
170	18200713889037068154
171	11801336259760886567
172	02991731314922614039
173	16773253867183811415
174	10809392887928454733
175	11313761988971661319
176	08623853574230362316
177	03785385967447297574
178	14713062521997436190
179	10914036616662276821
180	00690040273288049322
181	16243330865243352885
182	17506838728127052974
183	09487871923397361438
184	06817173174175987234
185	12030149470077012073
186	09549196764728613295
187	08626582499717761230
188	15880524720697524089
189	18439336491467883367
190	09258885804037206049
191	16807180683366537245
192	06777831935828284034
193	14960236035458304422
194	11974405071570964366
195	18323608827598343698
196	07720258911659098545
197	07042357295967181540
198	15016794308128312351
199	14482241701586888907
200	16831131950732791180
201	13368364566955107744
202	17896473170933068691
203	13643310091989949686
204	04483349924098040584
205	08659611837809793953
206	04809289003939321414
207	17671131319034015401
208	09562450098685293422
209	11516728533621303339
210	08029644164842436875
211	14773804001271021935
212	05997258304574481875
213	17396793454959818615
214	11038193305645420711
215	15777029934315249669
216	09459508842273912668
217	10495860989467392159
218	12678648877903326664
219	01367434002371801065
220	06968225633108647453
221	01749121196890623920
222	06601010448873852900
223	06840306271038263936
224	05527884824650011053
225	09227585425270848429
226	11405388803122475575
227	11299137666330185593
228	14186758719465551080
229	12300241134956123141
230	01052117847373472837
231	07525148037423403216
232	09462538254203159163
233	13767146310601081364
234	17838285642016988400
235	03488977804364201942
236	07962833323983742546
237	16297051791398052070
238	16449561838416800916
239	00223948243860456094
240	01284430633958249816
241	07379857480464570048
242	04723123686097079277
243	15868049301645124022
244	07527776110134461090
245	05972518561986919399
246	13481620868842973442
247	08235546162897831662
248	12334691004564884833
249	11986765562455997302
250	11407531486909353808
251	05150266009374974822
252	00614194404716055739
253	04073330342485458791
254	08472725040458298920
255	02681184191412885270
256	05919251250046396030
257	04472934711673126927
258	17901560137053893872
259	10452074702225131934
260	11308159642969649008
261	05334705217109860467
262	14709543184819768834
263	15475671462961851182
264	05699284287363198454
265	10922057245190360475
266	08004788292831050294
267	03398275238754068225
268	12914051885498360877
269	09711525039541934309
270	00070936176049983869
271	14391608622052115159
272	00774893154115884453
273	01903133551001503035
274	05740600225153140172
275	01436633016901194845
276	11934141753028152500
277	15023207675067521284
278	11055375850721979421
279	07333378237848391590
280	04300004446909077903
281	05229803565761997341
282	04689067018132104345
283	02111000839367248923
284	06347285552970838209
285	08681491295367237529
286	10594575216200391875
287	00791202587701465089
288	08769399271771388718
289	01844808253932552809
290	04793285679897525045
291	16937163338024095999
292	18062265522449615424
293	15961075753341864315
294	06881317989905780937
295	04703115569412513254
296	11994792394920444553
297	08732649691998925740
298	15497427408030113427
299	08405124498840700365
300	11225140192494398635
301	00324609951236898466
302	13590319527744196136
303	10206073918929723722
304	07190334031718989381
305	09527925162289594788
306	14904704352980592088
307	11001032405007881999
308	02890756728093406894
309	12513212627018158546
310	01691394527828769414
311	09771429267083958686
312	03578610120072292497
313	12485746185293022956
314	17084959249383485015
315	16730816616505443266
316	11192928697129285414
317	00366607153161065223
318	10396291690610293073
319	13193510421692557896
320	13956997882371116567
321	09869117132771732705
322	04552715186684634117
323	00984859094837601789
324	08430463710957410249
325	00166999201701203031
326	02251517043221370372
327	17881085585896839790
328	09730554666355575191
329	04872236083284584102
330	05671704104824000815
331	18289812892013639052
332	07986132284984401455
333	00662659410169743894
334	10944633298204876794
335	13997820547561193744
336	03470744485953455708
337	11289099568663227458
338	14106193784309316425
339	00511216634506846898
340	14099196153377770168
341	03476898062154670295
342	01852403802350925232
343	02488227748994638927
344	09340166007184687391
345	05412828880645279242
346	17185030136181667289
347	16330842706287118041
348	16252660870926293821
349	17774892151892043752
350	13612099331758490168
351	06795857659527068692
352	15454677651065950623
353	11980953308367777840
354	09579910835391094806
355	13811400102524257236
356	07048743729962966399
357	11652665212065902375
358	10333415434272135744
359	00704488240303698281
360	08985336445229002800
361	10211153122531460826
362	15153763510961284463
363	00696219553375955817
364	08011397377555707188
365	07904735524069691890
366	11254956245033975942
367	15018049555119774162
368	15162038951116589611
369	18340226432865875819
370	05119730403141167035
371	02631578709034296395
372	05319627027873075619
373	00378534083480837137
374	04458216718195156263
375	12380792441468233022
376	03992024629498107926
377	06463556763970585467
378	11484941858247208735
379	02112203881065434071
380	13947831700807503072
381	10239767772718558934
382	07812938209462557103
383	04574088926299826295
384	02284857914766879769
385	15575274223392389671
386	11481144106714579926
387	01692956746743982285
388	17004914033200964915
389	07514070969915191714
390	00452220197061600146
391	14042163328836366231
392	03906193521727453556
393	12340725847544705804
394	12837783508611258699
395	10794991639442076516
396	07952870640172167807
397	15180054548193472961
398	14062282333136737098
399	00892320311011291750
400	12621871803536850781
401	13520165020137496285
402	13319845701716779926
403	08918504414245982665
404	04933240147562237097
405	05827281832701780928
406	13224292323440155861
407	16161334354451173688
408	01491610478482992990
409	09671522261621558484
410	16804923073914774720
411	01442494485366493146
412	12583174282976643481
413	04996312537744221427
414	13735487525880060788
415	01883222745179439598
416	06150450106625262346
417	08571797855593261127
418	00633914465326453997
419	15180340516802868166
420	16708540827371514627
421	10404895862605661276
422	08673181806575889690
423	07720103661987543735
424	04422986203389238946
425	10110951996403854832
426	02380410226148362057
427	13124267247377677861
428	10722693514558496013
429	00384175277219691232
430	17411590278743981829
431	15553960135858951609
432	17277320966839022178
433	09478669170364189631
434	10800173352598826115
435	15229358581602547723
436	16092704685198781844
437	15355485145902591115
438	18125716321764521763
439	09671532813156579093
440	00444986477556464253
441	09021550175176561486
442	09357732792548825035
443	14742145356222247867
444	12354252973851440237
445	05411212516757846957
446	04912397830894619581
447	16977014894921608131
448	08509235228392321707
449	06574558732491523742
450	16759987925371096362
451	07117902909632875487
452	11709812422631348228
453	02432436453226462182
454	09952443475267394770
455	10988410393536980358
456	17565404687615351349
457	01068169604813342766
458	01118009511578996075
459	11984899988034772745
460	11012481216120215273
461	03241425578476191411
462	15816458745457007862
463	10259514317977555871
464	10736325855206669111
465	02775932231713700502
466	18325735817520812772
467	01484760345477852080
468	02578790044042419624
469	17857723573406065891
470	08690438470066196540
471	06966015858886041013
472	08018118047733685049
473	05119923708586742201
474	08762062454305591227
475	10929626374011423371
476	17218851162730066592
477	02301741861814711076
478	09849997840232350762
479	07291045489149197452
480	02277988989827214563
481	10820005530469909239
482	13322483915258612974
483	09810382660282570521
484	04041830457513493742
485	02041304777645989396
486	09170194245089557380
487	11151995441704133782
488	05288932476412461394
489	02127392191331658930
490	06827064096262959261
491	00458411546896445646
492	08551534808434583568
493	09111510850022831860
494	09948885508998109634
495	12299888217400400146
496	11782739487351799195
497	05384119852322136647
498	03991045011056579395
499	17497458881257552760
500	04383107809302371234
501	01092544802088645363
502	04491692093148820321
503	12681035284718396926
504	03979188133478017039
505	04335321973982041170
506	18193861517419841688
507	12636033171575681607
508	13295482570738063447
509	10495025846323517833
510	12923872027006641940
511	14191513310361570011
512	13318910089711363558
513	13219112517102199031
514	01388655223151249452
515	12266330003566796578
516	06900692349802781256
517	15209417202110639255
518	06826833615283150898
519	06726422834717006345
520	04226227309010889738
521	13591259621223818302
522	03240906213813579393
523	00210518859652720746
524	08327535700848801367
525	06624624368848600949
526	05397346230271328778
527	00873958914387509853
528	10952640686278252025
529	11794528291267690420
530	10932455965057689482
531	00686114942752121130
532	10728383302780367139
533	04548876053895650286
534	09729436399513006723
535	10362339686152418650
536	12276292025492221089
537	13102270411068107128
538	02757225189914621420
539	01321759696328698860
540	17672971258855172876
541	17984581542962234895
542	07334262610871424458
543	01926841418791529209
544	07550649335849698383
545	05298528226933956139
546	08153942436296953489
547	09014867581161352709
548	14607566891197007596
549	02312247678464601920
550	02677387700332969020
551	10026472261996619176
552	16338887526909953779
553	17951598820290783031
554	01180354693457526455
555	08143903691897841305
556	09165399448830794314
557	02891657186679184049
558	16942514794776514776
559	16250489960703531972
560	16942014284172741458
561	01552644649451602784
562	16326902471518312816
563	13813799483651853099
564	08002779322992812206
565	16233143987778863968
566	04528848125531648135
567	17174553515513286497
568	00980205380964761756
569	00479652880639237303
570	17938743353089267131
571	16498400496042870920
572	13212588345220960358
573	05348834638334690832
574	10584826249326688973
575	08538748140408455803
576	14971809340308636910
577	11083063779158169917
578	02942006104044547831
579	13043922517837019029
580	09986801801501981725
581	03384151848023721729
582	09383985896954785465
583	03100957555099087923
584	05014829192589044634
585	07423403844127563438
586	05012669452452336225
587	01032734966386204589
588	05288849881847233994
589	07928310907070320669
590	11812303315264698205
591	07882603757338555542
592	02238765212702338920
593	02392966123179509974
594	15436345500686879275
595	15786757962554146075
596	17531031209923299679
597	12122106235715890798
598	14894270210886170943
599	02055193679447833388
600	13434809537655286368
601	14960934840500248227
602	04626028959424807622
603	17720431236944110592
604	09987167957216196115
605	12396272399542680703
606	04757162026276575107
607	16724951277714488080
608	11087323299482286722
609	09550262244712611581
610	15813093005613424018
611	09764989902407141301
612	04941274799143535667
613	03505199678855329790
614	13663195619185562684
615	07565245083987862122
616	17506408512470859706
617	10246868575331308526
618	04652454159403251734
619	05944019896798117292
620	14063447235195848742
621	09171154507652214085
622	03765832102370454967
623	09017691750368957661
624	14491669891164183022
625	00066582996550913921
626	03022654158140133600
627	12407195999166224265
628	09855198688400876102
629	15805532803261639043
630	02903103343866359366
631	10118434971126186962
632	02016142677655288358
633	12388570495396423263
634	12771454311986158971
635	13136625916637334424
636	09448691423600847905
637	05062159144335894535
638	14442413185892878734
639	02841212641509966163
640	12654546715690974977
641	03033420865124482852
642	14358559523816173368
643	14768050909856710242
644	08758443651916516679
645	14655103256961706238
646	12128622915992614567
647	14464564325559821641
648	01112456360205352818
649	05286366951728503955
650	11752668076822554007
651	12337261621889944843
652	01482215787208076372
653	01404328179179254138
654	00828915838270679698
655	04405359769410980090
656	04711919319331399566
657	16248723621172255487
658	04227421683396449004
659	08200021974005740950
660	13937215394722471636
661	09539188356397003001
662	06702328852447125205
663	08339467617565396926
664	15832409903905166772
665	04630877756060564689
666	05549184362256262886
667	15255527628926544104
668	14996486469033611737
669	17030751023564944032
670	16239475936448197949
671	02058376304073237882
672	08986599599177112097
673	17216274596395289104
674	14594818047662781224
675	06106577489267170850
676	04906135319489328828
677	04669642608247560256
678	00419373406080450885
679	10296063646184896496
680	14501940141018518240
681	05646993409880759697
682	09277152817786169064
683	08950126196632186137
684	00019197479051617882
685	17346838662763252040
686	03216078682141444954
687	17951244599516617256
688	14662691711204218760
689	18274631325679411147
690	08419688364003882612
691	09114358693379206298
692	15278193722276939889
693	18019244190600459389
694	10482463089239014684
695	13930628898439738049
696	08769952600435008285
697	16667081103690904249
698	06223634568782765065
699	11939050536493365484
700	14827384814322015723
701	13236145164825891155
702	14870394080516098662
703	02965128638357079766
704	13749841405104670733
705	15750988628483260027
706	13980446585536807599
707	07118235762766473221
708	18216473239727409169
709	17388143331630005202
710	17703927692956467098
711	12865046203311655199
712	14775020441806258839
713	00407966679746126036
714	05974911739983007131
715	12618330139054117483
716	01308583966388609283
717	09896184124948590125
718	13602734145694191370
719	10945333731152252254
720	11272384615494025573
721	05557553649397246163
722	08011033676906887903
723	16339820054821329011
724	00523813864720565486
725	10140919959481489273
726	11634066465392229938
727	17147122413501426147
728	08618125764765002076
729	03927491876825445912
730	08364152663508027974
731	18338701341487798015
732	18204470173688882488
733	03406686724803502611
734	05319545239372093033
735	14873288217834766553
736	15533067088299291106
737	04492608696767270604
738	18200034268653115174
739	16817305306305252812
740	11443325772670972943
741	04859678334613562558
742	00074050489932553093
743	15424006832427372202
744	12950240244570046570
745	10772441524249697225
746	10430224618703094259
747	04819109870551272038
748	06515900553105691688
749	11100396061595634924
750	13564173148236814792
751	02764564890375371165
752	06365204748808171073
753	07703241119438699845
754	10271790968074944418
755	05774971626617203502
756	13193487654991502979
757	00777579905971060597
758	04005530793207669438
759	08743845906421597242
760	17738182688750556784
761	08169119469532465678
762	00511576184275352995
763	13580035336773023882
764	11502359049884111658
765	08616757971611880995
766	03329963971386923864
767	08619955362898950200
768	08273538561376359787
769	15591171016924749217
770	18100867279882446166
771	16818016838394533473
772	17017046363442765027
773	00228940887420745224
774	04263909640115737414
775	11282186681510100284
776	10731306467256412691
777	03133222812549175798
778	07585773959812916403
779	05968505128520219616
780	09752787209758220816
781	11850555625481413961
782	07499271921276803450
783	00144801958429162020
784	01837518327772231052
785	04009915718600912086
786	03858812010550275739
787	13152915839060124969
788	14682871571364845696
789	00591465957443210557
790	05343449878603685457
791	16241106061635006424
792	02899264025153663876
793	02889727272002595261
794	16395261729372356962
795	08008883951614544545
796	03403925562072890797
797	11758363222235630248
798	07851055613339196960
799	16578207593298734088
800	01328121321594505068
801	17999133492562536029
802	05029499045463773239
803	11073256630358697159
804	03257065074914051397
805	01570176545357109148
806	16674206383557501712
807	17315217514703617627
808	05024003449373096543
809	17687181242936635949
810	10260873291039462755
811	06760199840945651250
812	17596380241007601689
813	16940373882763050906
814	07481940732426828228
815	07597944778098552314
816	00688204282712152225
817	13139409328110216486
818	08847075391630233815
819	08015733838421585607
820	11180577878901642399
821	04020207202025440558
822	09197306260064697170
823	15246409551951863521
824	00589466789666400582
825	05670413285263136378
826	12485899344703383693
827	08979545866107451939
828	15499388604080770728
829	15268837414274640772
830	16455237115506957676
831	03905849847518065166
832	05773620782161492205
833	17764717429325279128
834	14074942062420518051
835	16256572229919760945
836	17090414937057892758
837	16034740597488909655
838	09978970443705558921
839	06394667769340430412
840	15326196368781957684
841	04497427987085197891
842	09481587934501707305
843	15446984074112368648
844	05155374548750003477
845	01518072096407354989
846	16907455925780074202
847	00803049414096131183
848	12021137393240613965
849	12033315573582271275
850	16792947675907318435
851	10348829800000562947
852	13739910345495013208
853	03829193035572072862
854	01311685744129842643
855	08299213259891255897
856	15184225951942100706
857	03938665126692153271
858	08165683314553469436
859	12918637069986307796
860	09863468756077551862
861	06281105962315971494
862	04856533687390287599
863	05368222725199305702
864	00451767326737558888
865	18299878708612663583
866	17133007733406440006
867	09341343013819824476
868	06235502439877237832
869	17047703944772367751
870	14476699242227765301
871	08022106271517814505
872	05286896455166822586
873	09400921118621636468
874	10280936961760157748
875	16022659280402842749
876	02641045657901859427
877	10630577701327609064
878	08575894160087425101
879	01854285420801954195
880	06685429101873428199
881	18334290202656737262
882	13908910461137478454
883	10609227565727307151
884	16481040827233178712
885	11474881975716870236
886	09386288324483437342
887	04031033334577418242
888	03042682863574169947
889	07182943287249798028
890	01816035661978131283
891	03418629871117699490
892	16042560892413260724
893	10112978676827695217
894	15594675935823376506
895	09704885033660250798
896	12771649082660227745
897	14372078137596232140
898	06357281688837131062
899	09605567936812348934
900	04145509365041289095
901	18437558703597321162
902	12429446400638669620
903	01628787570129819090
904	13274105242625171268
905	00765667514410152300
906	13465271878628750360
907	04412866822696511208
908	12673376539230124190
909	10830197949768684232
910	03555545051644129837
911	11924004225767097384
912	09640365689806666589
913	17177054331448603422
914	17006577079439828363
915	17150848602360786416
916	12375820057401854290
917	16232639686077512290
918	03143406938575484004
919	12551827885375638310
920	14623701161876557300
921	00142507752308376666
922	08076141108038823712
923	07675625096319610564
924	02481904754730443938
925	05461095213362176438
926	15789807497409961400
927	06615458187301534927
928	10338851150513604744
929	10198857426042423153
930	06848699281482763080
931	05922313781745144671
932	04005659607855107077
933	12000544615498107500
934	04617293974884035285
935	04186566340777182428
936	14450166771848072973
937	16252253251485309052
938	12038706322159649149
939	00103042867038231950
940	17827318924640709802
941	01252280104019267553
942	10938503310591679442
943	00672626021830868115
944	05696563797450075196
945	00684781356913207192
946	00938604837422550424
947	10245365922486931613
948	02774578524599627854
949	12165104921079554761
950	03270799893720234789
951	16023235241661862935
952	06379793869750733728
953	00726964611154034034
954	17318206644041588336
955	17773796508243803460
956	16026454231984922142
957	06257640146171950309
958	10855175877741109271
959	13542202070968921266
960	05139299113475923495
961	18286987455312695767
962	01134172854549196670
963	17541712711720260119
964	09254973626551792181
965	03651103574245779251
966	02116276167604470337
967	07072578857423538472
968	10870838036464612472
969	01117315510185362919
970	16822150167895512064
971	13471227311173879765
972	04225430249936808567
973	17730614504113641162
974	01036644368598771009
975	12614673785417937543
976	13015350896782932835
977	13101534821574681697
978	05284513874119750846
979	09068868687343373328
980	16589138356398581794
981	01352459391415108438
982	05971240115902037130
983	03191182484286563206
984	01046679226162919842
985	02501638491476275942
986	08958219569522401491
987	15330679836634128544
988	13531501058751624108
989	14220803738569680777
990	07417489183034730618
991	17111196995594617695
992	06471683571867438632
993	06989778881146952015
994	17527317250593613089
995	09542020621727120051
996	08379034822877994283
997	13527287226917669679
998	12577742819055396683
999	10965560810292392606
