000	08273907287363715879
001	12615108940420736828
002	03026714641286135398
003	18197739067690280156
004	04982150910737511068
005	14442100285565331791
006	13441402718785544487
007	17755902786804757968
008	12632872215392737389
009	07449338940039994959
010	03722653016212632123
011	00683886268670707346
012	00879158602754688143
013	08143587132279326142
014	08041750035511024932
015	18020795440552653563
016	14670335622282967096
017	07349596431691989879
018	08071785273338632015
019	10722517501960108327
020	16354882112465337064
021	00604200085010258665
022	00797935349990285891
023	12631908193812924321
024	03093682020843813503
025	12938034857167108326
026	16648743523751021387
027	07950528124245844969
028	05441821109001296906
029	13841218941630574333
030	00354298194240671457
031	00605247388412621227
032	16212808430415675172
033	16256000877219050514
034	11925271017613001597
035	17257119707318201828
036	18273674634710423884
037	01241464180538427087
038	04287669194201367312
039	12866165565660842478
040	09293859742736740633
041	15819035570375563326
042	05938342937647082651
043	10264722681950535572
044	02787044909551425171
045	08054790932566569975
046	01080042856642085419
047	01100788876016573378
048	10925475194255023194
049	01441310365754817403
050	06566805044995940559
051	03608624439562304687
052	10353592185503197782
053	01676540082217835405
054	13803855225252235950
055	03032993856165448423
056	03745992464648950754
057	01963372483143788589
058	11200299816594012432
059	07376966366541157173
060	07937220074516511073
061	15027454785739385493
062	13091500440509004423
063	12628098592373227999
064	02084357524356488399
065	08395842708685900811
066	17227337005600613838
067	10625386329653831421
068	04817452705259254639
069	01391400835744620511
070	16708781678790021617
071	00128105106508612507
072	05028474896945267227
073	02984945275599642500
074	07002557830922470340
075	02194203342388681187
076	15259563766315642511
077	10665865637299554497
078	15738936178107913709
079	06062037338742034938
080	17400231497242142824
081	04333463149054895937
082	11807655308171653086
083	05757139063503365711
084	13102629304283187757
085	08083946755026743136
086	07424468329705435242
087	11398848478180875654
088	03894965871685915482
089	18424261218768852196
090	13443339493268888166
091	11007846165653055605
092	09034767610875234648
093	10193121865347838211
094	09117110662744613359
095	12400666546074248815
096	10875871704089335327
097	10851060559496609695
098	14137606082822220789
099	04947583960778966293
100	02266339127440091884
101	14688883657796617299
102	14384709012726137538
103	02441745056852973179
104	11398832450610093084
105	00817683767939439443
106	05302513329009724207
107	02878035989244725822
108	17537737989675367030
109	15973321665009002019
110	03680354730115598521
111	00031959267245045249
112	17156553248441605628
113	08864186541351907397
114	02430517649031538279
115	15855237652763855743
116	18162959293170517441
117	10202781718078284523
118	02702157922671363613
119	01522640088369286165
120	10437376231771922740
121	05622108716780266931
122	09056298095066124249
123	07657871495539720058
124	04634058506975198026
125	06580308215398203843
126	17869773425757726501
127	10257076740980817041
128	11254691451931450325
129	09143581684930078741
130	07627296268664824693
131	06481758836043626099
132	13004023222480900449
133	16115683785809322970
134	07323860760876488702
135	14257267642546810520
136	14560971737618948195
137	00554383340129538238
138	15031327257578208807
139	02391406261338564785
140	12309150045756320195
141	12668457920256060291
142	14463268609977013057
143	03319184808592754533
144	04664636183523895731
145	15250652673065493142
146	14837567405207037320
147	06380349415993597810
148	17569151654150614230
149	11524556289723080162
150	14689945847335175624
151	10760868686475479077
152	12407879742676407935
153	11495985434853981418
154	09160314537812844239
155	14160795436938624486
156	09744260657543457402
157	09500635061006495387
158	06510264716109174245
159	02053480834579983676
160	15493905282279811436
161	09538101542793292674
162	05610043605670590981
163	10957902525589384701
164	12343241301661464641
165	14504845022633130009
166	13147418491804812807
167	10523431112589168305
168	15624999530294480723
169	11286282370082886934
170	17733952587700766344
171	04429128906586943103
172	16561019375913778146
173	05813993824268157175
174	03677849330793864310
175	05515024417602616816
176	13499480269812938779
177	08742278520979318403
178	03579644430479498882
179	06784742314639078253
180	07204675402847603423
181	00687547107382039000
182	01589829541859877617
183	05632846361032690162
184	10368709468911881755
185	11405754373110147444
186	07271224035120412118
187	15084004363453538307
188	00011304353376571492
189	17387543826229542775
190	03026369948278087505
191	10521878267613540701
192	02651503878342308856
193	14926425238648869802
194	05047164154400898862
195	02209516600846054594
196	15730633058168580851
197	14800970192797535194
198	17166390208826923728
199	11676708607124563977
200	13843958592248559216
201	06008713566223639337
202	03762624997467823342
203	00413291542201767891
204	03814320634726392552
205	11951606811980803368
206	07852081894126304881
207	13437291108452696782
208	11868466820289477546
209	04799993484857346756
210	02796472158694698190
211	08020395589200979058
212	07699602897450989407
213	13771079801326722064
214	08937833552977514736
215	09925268705280545271
216	02094084458850246369
217	07843900914813559341
218	08214132563382877275
219	10593138499827090357
220	15747918434838205270
221	10874079868039457664
222	05707355338562856850
223	02569965389483011939
224	16214470044312677596
225	16567625633594698044
226	02324914639183855424
227	08265221001901105213
228	16473602790144153905
229	02188413494087155666
230	13559687351581791292
231	17389738598519076159
232	16751653479761772270
233	09990530396653703865
234	08582198829454608117
235	12848939406013970119
236	02270113682349958474
237	01331903590239651954
238	09308351738442407297
239	00632182422136647908
240	11336706741432392577
241	05485168860048567262
242	00077325738881580584
243	11817915195542599703
244	12240904670919150844
245	12217299280762781434
246	09576445023859107653
247	06911870213821337148
248	04678007028955967318
249	14709595880895030829
250	09350737383786144708
251	13701966618015060478
252	16346797641380579419
253	02523611771528762901
254	07046224690163433893
255	10644009355032261988
256	10510945610542729578
257	03319462963062021473
258	08165910066107637119
259	03192865347948136871
260	17964103141822079564
261	14003025428906005648
262	16644489457506292070
263	07196810903938508283
264	12413060112384886435
265	10111370559450948406
266	17319391194337748926
267	07922259480444939313
268	02719970653784284114
269	13265302981382014385
270	06359248671572572851
271	12104903180928894950
272	03152159420929566321
273	15311727775898643539
274	07852859420638840226
275	14394518415950158476
276	08738984015639142106
277	02615976179363072875
278	14700829546077469020
279	18287611016035256620
280	18264649222165702872
281	06224138451912012060
282	17088451050700310528
283	14863166594994267466
284	06221086928710743826
285	08071838924548228798
286	12391795388009841581
287	18022694009122947727
288	04121629827674920100
289	05714022279821267784
290	07625385550437764943
291	14003181628358373103
292	03705843241515810155
293	03102042614901642234
294	05053042306937043806
295	06213060794806489635
296	12626991566970172325
297	00557031311378047158
298	13014843642724864770
299	16961546419426339389
300	17480392510777956310
301	17884610888513728716
302	00758379083170721435
303	08668667177178477740
304	17620470012190572355
305	07175714218428626334
306	18022818526907528831
307	00717632759503104195
308	15723115536533617780
309	10126102145408924707
310	04927538962335723416
311	06272186395307634229
312	02932410211490925279
313	13152967171420014225
314	15250635210559311587
315	02763687952936813031
316	11062057376980013141
317	07511520028698751990
318	06765111100379618475
319	16349791257260888333
320	00304038669089882287
321	16129173247083835692
322	02125175532674761853
323	16492026056362759215
324	01482596761241603528
325	16854482071206140685
326	06243529689927245875
327	08061512647960962804
328	10885647048988452326
329	17104650373491332862
330	15427805053280992496
331	16960616730208136589
332	00306007848587232403
333	17374907725847441705
334	07964772863794051354
335	09944657216022701553
336	01234616608104140119
337	18233429274239851493
338	07208025311408424731
339	06447632772162213758
340	01942679803733985113
341	06233166013323283826
342	11729862167244328572
343	11226560536096497080
344	05927511267061222302
345	08711338593401433767
346	02607089734489700370
347	16487919217603796807
348	07494777139952244905
349	17364182861085160160
350	01462158878460403221
351	01684943405449678851
352	01398729901376067857
353	13543749528095116783
354	17588873549870105966
355	10560838440657908144
356	16499163473616517576
357	08225573031766989652
358	00977449674261133159
359	03360014008893861348
360	05722422808405476432
361	04302322938616108673
362	18067180409468580445
363	09228584267140111897
364	11566342781738549189
365	14530604050468837511
366	17654704629125719364
367	15090250157916481054
368	15780873766838825929
369	02369465640635767979
370	10247857671459583861
371	00266815785171342136
372	10646297454915121036
373	16104929405002185421
374	10907480785877674947
375	03771316584796166941
376	15008951526640495889
377	05921504799661292044
378	07424455174999858219
379	00818140196062204435
380	12081642870205122742
381	05131168608000567800
382	18117686536365876749
383	01681308426149629772
384	17704976932226311993
385	12133432201302736671
386	16941071509716481437
387	12655362283140485780
388	05651967960360663241
389	15297718274256071168
390	08766309440600581505
391	11031652098828515890
392	07180463973043566247
393	13673469989005644977
394	10386213544299405184
395	05528286695326874724
396	15424053637487474993
397	05839433568627853677
398	13510726778288824149
399	00686594423092659825
400	15177652211525637178
401	01202210669992564382
402	02830636073262680062
403	07285841877983897161
404	06717779978307031417
405	03288993543241927256
406	08306243243187302574
407	01783635105447199165
408	10353050090622276119
409	00323747756458261196
410	12211607142606751894
411	00259767593331523823
412	02822000627642115030
413	16158161286784535170
414	08905138575685124494
415	01607728630440396577
416	05558102441594646805
417	10984878283021761312
418	05959536537495354190
419	06014667433777964358
420	08503474287748844239
421	11893252571841444786
422	13237617750835425610
423	05879376267054714038
424	10975958977468615794
425	04251739177633210415
426	06317683926285909800
427	04737371499534491783
428	12037701335861448954
429	07128633290485580872
430	13650166716038185240
431	18420113079740193134
432	14651655156579552379
433	06887893689546764084
434	15071638042748506127
435	04844083226257949581
436	14186982537787423132
437	10451938991241583984
438	02793525309513636679
439	02071894431347140302
440	11830876299649677090
441	00569858020962928167
442	10109456476062370064
443	12202460084100035664
444	02947604818992201627
445	12462495249487603443
446	02637611049425561819
447	07636772581729173895
448	07409751717592948454
449	02581636721378126223
450	02416084526917403868
451	04059039584296582166
452	03433288018988020964
453	16264237714026724344
454	00894429207382035802
455	13427103566016090072
456	04684317215776285780
457	14677594057033451134
458	05722644555156269348
459	14116429255270840245
460	11487972909482280944
461	01372006814338012453
462	02953095892272707740
463	14506519114353215376
464	11668106878935936795
465	00305524014144557954
466	06419562961318404456
467	14058487022094249815
468	07554352365542399497
469	11441905959680230164
470	07038441575398781304
471	17404591457570823903
472	12439126151164913854
473	15568107148774688154
474	15625953651633259427
475	05844228241370539628
476	15799493588764427438
477	13286662968277815038
478	06916758732214764447
479	17894709684259387660
480	15482470903495455686
481	17958356597509885605
482	17754701383630482559
483	06963529759893223368
484	04928778190125708601
485	16166352283850129965
486	16802682663934425742
487	00638966207100482258
488	09121566160815627852
489	06895977222191316877
490	16650339623601724253
491	15042939816577026978
492	06673188437996082286
493	03608854240531474868
494	05470772522942040791
495	09650057506390342208
496	04940623979073794574
497	16862166565057316957
498	03159333342979780177
499	01090117067806897404
500	16813065120177438930
501	10793599582691986422
502	04682351540758016088
503	09315567867376810558
504	15271882218673207337
505	05975268171581959442
506	03574583471687747520
507	00022562550466195447
508	14636843056780807079
509	06062142992013305525
510	01990554458726139214
511	11226655089737861732
512	07998681658437719282
513	03151485076694788935
514	10669730123367116320
515	14974630559955488919
516	17351535007185718955
517	08672266828859426022
518	15738761442946049366
519	14833538455789304295
520	11630232510590878538
521	07636000593168524252
522	15057614927999440289
523	12138822561975175736
524	14839121716624084064
525	06528473353150577396
526	13988810365724501990
527	02897992303300064812
528	02483116816201038087
529	02710251142611433257
530	14509439036833357160
531	10745911515817568761
532	15807279099356433064
533	12514110370373778740
534	01520540924509534411
535	16900287634150827268
536	16193171384555848820
537	09537030677701718364
538	02689490428820951114
539	00405078810247616810
540	14538845201702455332
541	18261651687718899034
542	09075980069602075241
543	03131193257353162529
544	04030918701701969146
545	14184041041745559505
546	02090885349667491454
547	01787224155104094563
548	16509537983837670654
549	01889450559549386226
550	14756885047498464711
551	10042887056781196087
552	15672313465288225705
553	16444864351372875361
554	04857199629760108896
555	11070706246697664613
556	03263637717631320019
557	10435995156844764916
558	01045101054670919714
559	15888915513907478515
560	12554964636348511120
561	14034120754820019717
562	07853739923259326474
563	04093038882488894026
564	16365428495227195841
565	11504672722000093548
566	16489279481041787910
567	00495790098830223928
568	00572929184972847570
569	03965156975652935330
570	12677975944719802171
571	04582705642671661265
572	16637446209890047291
573	13055257196259116666
574	15857041720901978705
575	01893723186624760408
576	03753989729195426426
577	02300622767758605655
578	05004929277899416254
579	09573204510354165178
580	07063917591030227741
581	08835550714124052249
582	09628564382058369377
583	13669421071236227752
584	13308685406215916972
585	01591488380203046886
586	10573300322485682654
587	12198171466392751687
588	16330407221124494076
589	17271980765797922524
590	04549860746630241488
591	17712727672642182662
592	13010075354203135520
593	07653046055102146682
594	01926065894752195365
595	16135537668473433720
596	09778693580495016639
597	12972561316556354258
598	11702531559623097301
599	01258158784188442966
600	01133097610475689916
601	16309707970538242152
602	11753981098224596740
603	11085863072053479521
604	14442071967391676658
605	01762504529705498017
606	00128379041540110626
607	03798000688874895018
608	14014312916668648937
609	01369829448979834137
610	07591424754539925187
611	05846786621656757988
612	07552159901816071760
613	11473197950894552497
614	08883393741652279319
615	17251031672355937999
616	06079862000884958200
617	04383186447564478081
618	00602016033390194578
619	05889386955010711235
620	06351356635424155069
621	16388850840377552344
622	04805882795712937041
623	08359922661161167214
624	02773653536376244610
625	04773304467070813084
626	16176530476646861635
627	15715588787176335705
628	11316127233938370179
629	17898815320360910925
630	01063632093740042296
631	06760243360923601703
632	01085064784708161379
633	02454427233455999356
634	11719075398087618955
635	00209607919562738454
636	10506637247181723950
637	06092449944857152765
638	02916200824404423565
639	13582698653022913312
640	14773751327105680518
641	07414757627362357167
642	10231734710457052360
643	01288666805941689648
644	15710466812724606370
645	14258578299927262525
646	07010487261901348720
647	18124778688903988513
648	12543525371514542397
649	16583879319041588579
650	06747839548680723787
651	09477383089512742035
652	01451377553245710954
653	14957013868819813633
654	17519786432539034261
655	07352655515920891926
656	04113368604995714155
657	00834696720334496484
658	00447119246961488203
659	11468275262863787335
660	13797710565558518467
661	14885394240045906581
662	01815350230584830810
663	06696663633828007608
664	14749657934012548360
665	07154797523120004383
666	12933551238906763903
667	01587537710706898025
668	11778735390944194648
669	15837068014756387318
670	14687506792551672441
671	04409820582418272136
672	05939481492988629962
673	00448420613483140912
674	07462183454071420521
675	16768394487878016602
676	14652885086060065281
677	09795376067979078672
678	08768130741824459659
679	12099227736272715469
680	11507898001835395587
681	01600038879775392734
682	00807386943153463797
683	12029230865551231139
684	17202253447656273746
685	08875568866268548441
686	09821798134735187711
687	09570293594278135209
688	08657070213264035726
689	13808476156343282476
690	07516270428883084136
691	11199121130076735141
692	07858441761731947666
693	15871613907045486609
694	07735256304396183596
695	05331136693431438788
696	17524412917690770122
697	08396287886049171247
698	17143823769624130123
699	12039305086846031512
700	13320735438152637066
701	14317236853770106193
702	16039224713595139637
703	14476113189962941322
704	17942210305351722672
705	14088747725628535363
706	06084717426328475605
707	17593775483183993125
708	03410001198539195207
709	14407747136266701819
710	18056172500825878122
711	15153544381513677439
712	15850780012419639934
713	13524576718447403441
714	10847142287310091795
715	11717229184011795179
716	08821487195841496827
717	11171462987316313389
718	09476503094495946923
719	13524875321661830096
720	04522773988475879912
721	16952143800475295227
722	03729073493180000991
723	06897827369422314633
724	18046597198405122328
725	14954392988892919740
726	00263614182692600141
727	09578441622058149486
728	04356350280959590663
729	08743824109082067279
730	15677070090241908748
731	15725987472569373692
732	16265312527606179725
733	09977033639323660737
734	18029150221967503689
735	07487209436414206383
736	02521090651369133058
737	08127919742290758045
738	18159732327884302728
739	08381708910997397336
740	11891687608357377060
741	12805473245775313728
742	03599367749282976703
743	10212348825020326245
744	05771375640898429403
745	16697426088760760270
746	03500740510236372980
747	02356193393393118355
748	02695089343166300525
749	17682245035990465642
750	01675952027466519947
751	17621483096836181757
752	09058576000640467257
753	12712453409854494091
754	03989868544047922680
755	11241319420947442773
756	01895895281275440028
757	15524829622651786448
758	07392402502868837750
759	05362350595101433089
760	04571049613085048903
761	02304137499798131979
762	11587672072516347403
763	12519610802203012164
764	04083442202980841354
765	10520789966817178934
766	02433639883849263164
767	13566548558133540594
768	07785753170109882620
769	05158640637651708370
770	11980063869061288704
771	02180208594737753393
772	04196620381733780231
773	18234936839004386780
774	15632006004052110107
775	03775602424092081815
776	17807912904396640407
777	00848147187962772636
778	10507056311631333348
779	07789817923559194988
780	14617832185132333377
781	05452415829878776508
782	07094870932900829900
783	03005482655795859259
784	02284605783615280812
785	12347759776444424678
786	03536071360009336700
787	11948910305634670854
788	17928497714974788063
789	15259256665433304718
790	16448556921351398016
791	07731625883198299783
792	05587605134073480131
793	02489253500910914603
794	13361682099765198997
795	03772170742861866534
796	09867050325732447867
797	18158867838387483208
798	00047316699932479855
799	09044327477294584298
800	04891170043779915327
801	14367044015363692016
802	10090932891258860779
803	03979485636156700311
804	17484773976985231040
805	17489805533776680550
806	14837789100653843319
807	13097716969238759094
808	06015824953685943540
809	00080854868045204952
810	03409792117649201278
811	12397881724306565662
812	14547887314182840950
813	05273282244598951486
814	10554054240376720016
815	12963926951621388658
816	06282789491822770681
817	09487250637936161761
818	09836067107291942550
819	09346896868508261735
820	09125602602247917723
821	12153320945955807163
822	01942894561876034522
823	13847537327084255051
824	06223649383815980409
825	07225753984208465184
826	06978084616560290500
827	02084008313965003579
828	15250797869612353474
829	09025293795433922393
830	07607140729381791337
831	17014989083461743310
832	10774183978427763212
833	09375191094772747978
834	01295983526891244971
835	00254822624196383906
836	12689621649482523683
837	08261770991339564823
838	04138605158662164023
839	09992420301066999514
840	07878552041444325357
841	15489452841386154547
842	14937627222438831608
843	02526492245928388406
844	14534578876531393958
845	15627627638026831732
846	17204121846044454903
847	16169866548243745180
848	11567320590430654782
849	12589224194720540033
850	16393783181357210823
851	02730018928075837837
852	03643751134121214756
853	02867761534798947413
854	12133713046288205542
855	13621817543140609743
856	00406599454391391732
857	12978398665926133988
858	12593377640743809547
859	06581936512064862921
860	06444462249693340517
861	14888421239162253892
862	01686345169179312500
863	17482173211136022541
864	13341787580962709796
865	08624489558473179337
866	10435862709085842978
867	05774107359854920736
868	02177083845464074478
869	13761498837688101581
870	11281717371782636951
871	03894488233863580720
872	01817277060974059667
873	05010621383723748399
874	05251102214172312683
875	15921212283933117142
876	08544273951089854542
877	06350874118737403321
878	06739525429101296219
879	15011998405416813149
880	12202602278246298442
881	14855970765147451135
882	18436045189348096633
883	15598541230579599423
884	14760320064086071529
885	06228264458558583566
886	16463339494586924848
887	14273275837303864787
888	16250447787379368091
889	04399673353059378891
890	05237775280940198060
891	01509892079351309408
892	02839452495250851827
893	13121251785159207669
894	08129256918914128324
895	11307663417944785132
896	06105473274056986238
897	10047268836980142134
898	10299167451723055002
899	11179769204831412195
900	07866138850387224092
901	08817135166331100495
902	06728686859220464303
903	06946039502473838300
904	16178784759804812391
905	13806487151557238215
906	13174569487679493333
907	12599778798707297929
908	16867912711594081930
909	06726186008338521843
910	09106158633060275270
911	01535264201734778919
912	09186199422810775004
913	16734026780796204109
914	11898622521213955586
915	18268344235399928987
916	14004294864779918116
917	08101229346998118501
918	15703837882456590399
919	05299858450007290967
920	17556454653924006654
921	01132681491162477905
922	17019846919841737356
923	10568790308043805734
924	04791117404352092649
925	12454489819268534876
926	05117704021803825291
927	16768154882157397008
928	12068652837706541223
929	09514781791828013220
930	02034704360606173003
931	09992299383715683850
932	03089209761178490013
933	10758849319875376364
934	18313458270488588482
935	14347812927543693340
936	10308929405245949020
937	13825629445717135145
938	06617541232894859233
939	06448543472466679596
940	12911047443715029446
941	06954420041725749197
942	07702926899411752839
943	03949450683814649710
944	11929478372332636537
945	11917726188122651123
946	00697901232561267722
947	00036821502798273464
948	10342891257228270178
949	06621442337990715085
950	02448107676030416369
951	12445439096993084985
952	18217069216431128845
953	05346773875809418109
954	00854729750045109318
955	13647879569003426842
956	13194389168433437757
957	16541394725557095589
958	14305871898906552847
959	12830853602237622287
960	07663371418087776436
961	13700253409921535654
962	06908607942096972642
963	08219028502981837193
964	12326209320220830119
965	04228693229662063153
966	14989472516968005702
967	03694545454140574379
968	11197987841225339487
969	15376891714440252803
970	03340397386429981383
971	00886569506650720342
972	05817996788348796588
973	08167936880372667857
974	16518591360899937383
975	03728408885930082088
976	00359313475080532588
977	04915430799160040457
978	14073828876540712977
979	07350626686688730820
980	07855596614392534767
981	13042298096860096003
982	15739961483475983777
983	00393583082279327012
984	11001543886656732609
985	05916748005666493445
986	08461766777368742164
987	14738987320343215701
988	14699896044226718415
989	06543352074053013577
990	17991702175234289221
991	06107361173984776594
992	04628829637744192029
993	10280936188885572677
994	00878482523166300137
995	08702771358557708727
996	14593639858196682114
997	15396885092639528858
998	10090718379965816515
999	03502013998263867290
