000	00000000000000000000
001	12159815016944390035
002	11446278292321688481
003	05241320906342204280
004	13102556414408575237
005	05222273862714470107
006	11411579835644984359
007	11560484181780097782
008	04505106420680849453
009	00730844949129695089
010	05012917583093721028
011	00455573741733372069
012	08820988428627727122
013	16388278657735519531
014	09023118473729362379
015	00116308841766848930
016	07397406057841317835
017	02715402822756922291
018	12421440425593977096
019	13547444831710652752
020	02891960171151563143
021	02103977521564544416
022	06439261496338665455
023	16197473793056565805
024	02865508902177370451
025	13541267033771005644
026	00929012677429395231
027	13693175469253286053
028	14429402341000052354
029	16516791126294343509
030	06020998548766015964
031	09169679865687209524
032	00364026759302652515
033	00235946506045373946
034	10968183263880463675
035	17940460653497528321
036	07166952645034963569
037	03827832364484654151
038	08881209622911104285
039	06161924640318418842
040	03900818846005706861
041	12554761599458427606
042	04713660955357249053
043	14150378399125333636
044	05955404930585453202
045	06075315943389742097
046	04089897212865605109
047	10140414847214005655
048	01191080253102097502
049	07293990287093781965
050	00332276489224779587
051	10514451937017016425
052	15312259805365867891
053	14893638757830455737
054	01881255596249945488
055	03738895803062040674
056	05278654901105065608
057	00929227891547369938
058	11785775030964429498
059	12670936487320011480
060	12773478134782781742
061	17786584520071984707
062	10869678495024813727
063	07042204415047475740
064	16603012626375975372
065	07362422150686577935
066	18293794696476074489
067	04995994510453009043
068	06418540235462986898
069	17911058564838512614
070	09429178450279476808
071	12365225089791595258
072	15973020411987383787
073	15155951289236213971
074	15443945692266698177
075	03737960936316765409
076	01657411256267744032
077	10711095845794251244
078	04073399034545706778
079	04218784962261987753
080	18234735967298469484
081	13771892150660558833
082	17991736264173175351
083	11478424561626150584
084	00171557030261860382
085	06422060368228646460
086	03437157431492581701
087	09160699607410529221
088	14828783485932242872
089	01641673192355545134
090	14198685013692608146
091	13939361086338508061
092	03367465341694612085
093	03768345128372913417
094	15557426941048474392
095	05986897328996636140
096	11580012980227639687
097	08993219564131641556
098	06577385614313142833
099	16235813964202221131
100	02089201313390060502
101	06377163723351546823
102	17757447257345670555
103	02258775822150729008
104	01688318050517204274
105	04206859377725988409
106	18395029606921821758
107	11580351392818849222
108	05374946298640117294
109	07556916739479572737
110	08724223743501801647
111	08077187611645132130
112	04834458699454039762
113	04749527272518087267
114	15157678648692102849
115	13293015018897819765
116	15016968317723019028
117	17839759183769161810
118	05314624914821452192
119	09828762453105364189
120	02822694460462801111
121	12136231632749747662
122	11152642665854668228
123	16329809258574648366
124	06899546970388410690
125	02055917827619484613
126	18055837725531074971
127	05807294550317488966
128	09207094082092059298
129	13963521783486610203
130	18097759937545316875
131	02935360163442217878
132	00216319472341979927
133	12176618359757737160
134	05417579476702346870
135	11077275229503682423
136	17762404207805270591
137	03227479952943676432
138	10508313278845929204
139	17351761659463689649
140	00230509069010346482
141	00524675603091435748
142	07628482938576996493
143	04970073637227737766
144	01927427001118799107
145	05046001582083895206
146	03865973816685399439
147	05632203048774768255
148	15653106921638124874
149	09506982016229153038
150	05455777866198307087
151	14052587653216730254
152	08238757559070718847
153	07525935422178757180
154	13338153044735843852
155	14313930444242338690
156	04504090392624661159
157	07881361066408633484
158	03116926991468365240
159	10813766752945881913
160	06738482977295533013
161	13713033314503120347
162	06424016217062144568
163	02372094643913406169
164	02163935848370136839
165	08238464768469085734
166	11495975465302146581
167	03959479963754069476
168	07949841707448104104
169	12411219446818090631
170	13163347095139815533
171	14609407638628914869
172	16086787218877008848
173	11139709143304684252
174	05502689138639578839
175	16342929429852934513
176	08425680069220692180
177	11232920495030023334
178	02148433189845002635
179	02978701511606509804
180	02151114244222326089
181	12735025560500061819
182	04121126506335874259
183	17181924428872663015
184	06737769681687696539
185	16544898971778918893
186	06159787460142783241
187	16924306461851935606
188	07695004588108160947
189	13576665769328338400
190	00196812519151712054
191	15554373235279491204
192	16208805113818471092
193	07191693399353244198
194	10151741765135623859
195	00156297515382582429
196	00878155777218997080
197	14321281383101577676
198	12956869041580600806
199	06090125253244368230
200	13355091357519314220
201	04052872415849039626
202	07573849808023514330
203	01226595108125983263
204	17561854846620078971
205	16224470119699116282
206	11237936468227178151
207	02233408290987078134
208	10045035621317744216
209	08753054239263431862
210	11434394539747371733
211	07183141278219163326
212	12796973163222647170
213	15790357799721090299
214	02815063201752023817
215	00617440874561805093
216	03740586466834428316
217	01674658571727747533
218	04961790921807962662
219	00830194835377116614
220	01143551089286457023
221	02458290082929591235
222	17989746153867849085
223	04719205167967129372
224	01312042792680918317
225	12706268722798481454
226	10702051773833600329
227	07562466308498838786
228	16811523130631340551
229	14492967907495235282
230	00894761554876711561
231	01527090079891316607
232	06201745595054243518
233	12302936712461706114
234	08881064045251401439
235	09683203612700654261
236	03910616986707926137
237	02893388579225986144
238	14721041669871226869
239	01486730888054676334
240	13254558378447725567
241	03057831657657505243
242	08727249041381654698
243	05441568878615934419
244	03986742824157623300
245	12923014828308982174
246	15825196309448663443
247	02491201181294433952
248	09567960043085067478
249	18203502135615843108
250	09787408182867879073
251	00138388156406334466
252	07129745273507137089
253	12360455365818400301
254	03946736442213996993
255	18306544602111240565
256	06872039671975164357
257	09395325049127081024
258	09466110628880971657
259	12312444172912444749
260	00565550422869800800
261	05713529447693405464
262	13711395226684406951
263	14155966285573435461
264	13179463546712407596
265	06621359501246884287
266	12072426217393591269
267	05426225140962793745
268	01524069739739986415
269	15174997968194252054
270	02866812458387916361
271	04585648308665672526
272	02438808880088267848
273	07874159402970335201
274	06018688645672198851
275	10096178123587869118
276	04208162378168347899
277	10068679521168851354
278	07458875865014683942
279	02031678081510998580
280	02783756516664452494
281	06359859909230063575
282	00842770512090270578
283	04081296983584388081
284	03385492464118199800
285	09746662271273230890
286	07536507010100594482
287	17058243201624416777
288	00146478138483907954
289	15131830651402727283
290	00028316214584928427
291	12937041361597972886
292	12780658271519829530
293	16599682448556017803
294	06803222880915640571
295	03628020820230782425
296	15322511947776121080
297	00680727606813748858
298	10483707057216160616
299	04504892818776311569
300	09722272871586457680
301	18198174394815598046
302	09134542474383218181
303	14216865013959961896
304	17037502964693366431
305	04374470860915463531
306	07855323169719589875
307	14660326682671154380
308	03083923684851565916
309	11584002129002589117
310	11560298647097468098
311	15780124748148516692
312	09338058113732481816
313	01993652199699756273
314	07135807865229374223
315	12231419809316030296
316	18106226379941738869
317	15281144513745870839
318	11193355374971365317
319	16243310008135946625
320	00408170284205486003
321	11595895598214954806
322	04077230518699449335
323	01735625631583245754
324	13396137997660054469
325	17528928034306515196
326	10729042000717101448
327	09393530801252102857
328	12916634666800752264
329	16912629952257182595
330	06587742442903918944
331	10208804244066171371
332	11257638967273321804
333	10182380650244505850
334	09286648905235029047
335	02299758935141169139
336	17024297743377831417
337	06189066780547948492
338	12102941461897817774
339	15175769204310433875
340	07759112615813472593
341	02222496719259339511
342	12166937204297506314
343	10343440234728323337
344	01434536152718729183
345	13421471148351425374
346	01520153463767775633
347	13551706287933804452
348	04595853656108807215
349	15814699199452771922
350	12722338038867196897
351	02813170871614737537
352	16500547633760487231
353	07224624527954459263
354	08449287023626963861
355	03629917528473896443
356	06230921261744502762
357	06306357440133085922
358	13261829770362920690
359	04258135485227205330
360	05815631262149950317
361	12859442060674474324
362	07741762701774277322
363	11612139993689474892
364	03656207813568897219
365	00897734056415792296
366	13227806929507984193
367	04415504701945504983
368	12591120338521680886
369	06001178149306319293
370	16718069925663842289
371	00295430833151603827
372	15897331873353213672
373	03822801852583640042
374	16089719304306105746
375	08127649459303949101
376	04637899920702859529
377	10429263636939655348
378	15602907944585055684
379	03236354928743583329
380	13204412594070433752
381	01022988671219833766
382	10406418071798970289
383	16356831159078802746
384	15941863089376719616
385	04663012549572936565
386	14737530354540069868
387	01857111488953280288
388	03738293506204671282
389	03520979553441300478
390	14987629166214914815
391	13798662251519178920
392	04980940874627875193
393	07788585990325648582
394	14190121422902460971
395	09012104429664317427
396	17782514565206735514
397	12002292525572052657
398	15785426995954739913
399	17031577429420511581
400	00430156631100321529
401	02122967014646773861
402	17544709232919304707
403	13313273344388634081
404	17191102826924262579
405	05484764296822805084
406	06914474349010765416
407	04283026995953935025
408	11207823767579978364
409	04926536483767306723
410	08426814729287294592
411	06095999759748141498
412	01093780901045039393
413	01102202386857400203
414	03628118286219156654
415	09204435848606208258
416	06672284624623300105
417	10924199315068928239
418	05180812478323933380
419	17492178950705967446
420	01112532143497071477
421	11719121750538210417
422	01581900576597558027
423	15401667472184806005
424	10112260334590298450
425	13156805219272258143
426	13893412607639728100
427	13026053679326261281
428	17763622450719479647
429	05706960603482518649
430	01304130458561935910
431	18421046002662767249
432	13071821143117715044
433	07302218740836616958
434	02609595013178539374
435	00762356606370557149
436	06785243870614631085
437	09267034170255267036
438	11452531196058295318
439	06323050276518746235
440	05027283148801868758
441	16517284651910632827
442	07131911879748434987
443	09449163236560682086
444	06683454818925977923
445	13375759380384126594
446	04300405070441810058
447	07076223441140939890
448	03636735194682417516
449	00988115079740378642
450	10209520582910791279
451	11993476616747741127
452	17249173350000825986
453	12612149648984727129
454	13149579721097212400
455	16965044942185934935
456	14074791565940779711
457	04251762612526549940
458	08440114964300463660
459	14292952194731615228
460	12030886553690927607
461	01398832434529388205
462	10467794097588481171
463	17304072989417910328
464	00735250709862323814
465	01151201433352217346
466	16280715329433363435
467	17264468988719852408
468	08706379798335448057
469	17368090751411305247
470	17055949613620607900
471	03049798774757351843
472	00010947591087544400
473	03512707751592934359
474	16634008532458518044
475	05453335021278661882
476	18117893866864307047
477	03677960237084351904
478	09295994030298019376
479	09108181439000568475
480	03986309474631749263
481	06364599724202987246
482	02203952389231070165
483	15546443648630882300
484	17677527387511720928
485	15786059338667254590
486	12980739982218110897
487	05097351378838976661
488	15977424620494980463
489	05845750405323640306
490	10406895909506955871
491	08605252349858359578
492	05946225821543913594
493	09846955991621695573
494	13858700787347382539
495	12651350302039105669
496	11377666392396958698
497	08609109853068710369
498	09164471551218285856
499	10189235592281504695
500	04136106347531684307
501	17212659074070873337
502	09182129873047784757
503	03396924042445650192
504	15153870621987528861
505	16757645020732998683
506	11646530027104835627
507	11586950415644212725
508	01514606792762760585
509	01682126691550202406
510	17846290368026758916
511	18288860771432860384
512	13051951896696244021
513	04820508247462266829
514	00341347566094995941
515	05757036064951340389
516	01614301400449312346
517	14116100414017077930
518	05395728795500570656
519	16463981735279746700
520	02540237724480438793
521	09985201391741577770
522	00521344963587897149
523	08208852806301510546
524	10832421824396992550
525	04976090543644446668
526	12744244081108355280
527	04917414698945333735
528	03903262250127610323
529	00145590144540726499
530	01206201268426741787
531	15029660033658425426
532	11839678315647594301
533	12588319944198024609
534	15711533910697279983
535	06961877513089664993
536	16600152054340649955
537	17459792329365532288
538	04205149611090422829
539	15135859450927414124
540	03731017267293747273
541	06631942339563885442
542	17863850705523689915
543	16916031586347198869
544	14705194428978758606
545	10570075197883941798
546	00301453913792052800
547	16211562981988094525
548	14870901240145233489
549	16282581626883406327
550	06236903479229399995
551	15868158801132368171
552	05515198793358736929
553	01716730834824711802
554	05885900988761842601
555	00183080216947452528
556	15780266285691409853
557	04563068647919989739
558	13035959316057693805
559	14788699063715793391
560	12169450196935654025
561	08460584545064092917
562	13030516163620725310
563	04173578612878622885
564	07956534700376272463
565	05421838813628118341
566	17446008576266364911
567	09127714800264545836
568	11185489782312623731
569	06553749206588440003
570	07510220256432429759
571	18091540470068341067
572	00540390431859059124
573	15721125766079079504
574	11720103734090883625
575	05827689914171614779
576	15283670648230337811
577	13176092938452650001
578	05472659891824580210
579	00855521997514780033
580	02807025856853267565
581	02296971858488394145
582	05444371032951325817
583	09076130085229220155
584	15598872181553403074
585	02208859185175894729
586	10586035703376489375
587	05073773719217823681
588	01560307523446945594
589	02451928398505074532
590	00930934116208572983
591	06798000054412981546
592	13332425854380952280
593	17125251139363276928
594	14409249716630974366
595	08102033600502372571
596	01781137584908413981
597	15241927668494218602
598	06831891902367388334
599	02176984427122888224
600	18203207294379609610
601	10303715944258320152
602	06383561669084124459
603	09748298664818112020
604	13953607519897688444
605	00743622402465769701
606	11564287894584884121
607	12124170084322063954
608	06660738673540655042
609	10053896983037135334
610	03982587170547485862
611	00595952594751509043
612	00099283425610802027
613	09223135023041422388
614	12780903054474353334
615	17741416641753139180
616	10897473871255499034
617	07434026058824774257
618	08183866883926438761
619	09582012324068193625
620	04465056709665792095
621	18029437057958406839
622	16838954868005263207
623	00037407338018490683
624	16707916453487738095
625	06283400991839009131
626	05450836281352716820
627	16245790352517351223
628	06947033250460526307
629	05752516019687777661
630	09218334168070794001
631	11338477851025617160
632	11866020738570982449
633	13614425803234845884
634	13895339697529531287
635	06927889017361545587
636	04371006296265835059
637	15738347077510433931
638	11656360303606527356
639	12607444448435991843
640	02799479683820216190
641	13105146283762137904
642	18127965747659871309
643	11422535058022972381
644	04756824942196116741
645	15009654821370704014
646	09840563625009588370
647	14502346444428507506
648	10735204942657627162
649	11004517794195336094
650	00297860975458598700
651	17944533861508340646
652	14843327069504372729
653	03735608100828468808
654	01045259498489489662
655	07759305287423987023
656	12428411290210640297
657	12253100605343392544
658	09655093076282755140
659	09334723678325794261
660	13873303046910396711
661	11132003434512945901
662	14529344903851038322
663	00367807747943742836
664	00866870949936441462
665	06139120049850828186
666	08655443249085395459
667	14841898781000142804
668	11510072346910758511
669	04011673514631376175
670	01400685893301215383
671	11328874539131834626
672	11760320210875551879
673	04051835793251811618
674	01331034088816734601
675	06769831362849593269
676	13094543190914653906
677	15640339182491409488
678	16816278793322042310
679	14368713467529600133
680	12037451505147843948
681	10073654612569983194
682	00841564473879628178
683	06493158043698865703
684	14622744531095383427
685	10647746177984589390
686	02899513622914632700
687	13124306090870730707
688	10250640996718142823
689	06826488345843038659
690	04463920796290736213
691	00951128901217161618
692	13630916792334268058
693	06580143022564479449
694	00502997785780786609
695	15967844684302220547
696	01492751211835924508
697	14537260858461521302
698	09582239341982113179
699	04670278616784889086
700	03912202144135263596
701	05479269059800166566
702	16624036427570148062
703	05338205259825168077
704	09549694553228539943
705	13450252393331326425
706	03046284645561358965
707	03156791565296447391
708	14134047816656403531
709	14792785047109710562
710	17296779589194400795
711	02959488156201196362
712	06266238531176608260
713	16991814497182049157
714	08249142585085770412
715	06553693260364462456
716	01744789733651170674
717	15550560879253283761
718	17848717595453814229
719	09660441508109848131
720	01351361811611187158
721	13044613331257644276
722	09830030193840815858
723	08674762711977964338
724	05806698355978195701
725	08716355810461383895
726	17291578410458040697
727	09875517711362064837
728	02897259389551380831
729	12609289641284266859
730	05403810773694417377
731	06937782254588038654
732	02222798225846175169
733	14241785985250770104
734	01524436204078081333
735	04275351523529276344
736	01149988612231784006
737	03917590315171905646
738	03067086817095954677
739	15594107183327398082
740	02680363185967207500
741	12365174691939243389
742	07692833864565313657
743	03320410804710646808
744	17804322841981370643
745	03301568351266033203
746	02469165970178055343
747	15902953247250120934
748	09178375327468289691
749	15211901526876256998
750	11374290871537984655
751	11622574155774036192
752	12795508465445243340
753	00049506876969593128
754	07480822878894142432
755	08858431893162356594
756	04766918210867994913
757	10318343961173265548
758	02561890965846816025
759	17095284583309214084
760	03614688131143522468
761	09120142366065094230
762	14324046338442686477
763	17552719477340610644
764	07440472113408107914
765	17251351803333356131
766	11637973084749727273
767	14592049112271350055
768	05848194670951405955
769	11125484071655500411
770	03705087866260660188
771	05890223034577298724
772	16093548791317702677
773	11900507625854328738
774	04115202938357417080
775	08846358485446204816
776	15444373997758061160
777	13687590611525977205
778	18337772237273626448
779	02397495130852121931
780	00815799643162211342
781	11828385747972449984
782	16135572890362857801
783	04945334748316055248
784	01111079320574680853
785	17120640202222533190
786	14518968218768579672
787	04286696844282455847
788	01851438396063297772
789	07766798943717311440
790	17725625316841401881
791	10404812715591479372
792	16263140832507842903
793	13141625469160405655
794	10511217204949578270
795	04126050971049693481
796	11081972064213445095
797	11199997424943556369
798	11137447199635263990
799	16448367780597077051
800	06085784785302444800
801	16412934688047526285
802	16338362073248740626
803	04443955075942674040
804	11638352008737516189
805	16396774450734053205
806	00893776503528562726
807	11145102204130094611
808	06381950815760119926
809	11678738419494849905
810	05642181738590276802
811	02809458394478334078
812	00380698041505766063
813	00493129359150323972
814	05440782472857340134
815	16780318866488924667
816	12945880981402011279
817	11507758630861367314
818	07387458970106166190
819	04379151384685792909
820	05680370635172671635
821	17155501450152644750
822	01822862414161518330
823	06682480102347639483
824	16117403442173937651
825	04977577464637265148
826	18405578658254479658
827	11882776856153037307
828	02195044877089271598
829	07825003071747271904
830	15332934926832682177
831	12005647502125420931
832	06266614812190394037
833	05359304054100717415
834	17013637763150282416
835	15420066433024063253
836	03331928241248812133
837	00323205350396386376
838	07532779300338171113
839	10608800401329863613
840	07310579493476160824
841	01593870338177543586
842	08135414442764706897
843	10198300540340412721
844	05083654223787403742
845	06654305761130911352
846	14667129226305303544
847	14341901607442926936
848	11308176526554076055
849	14057162411214936805
850	06441205026110589463
851	06395943699813564749
852	08782709914788464177
853	03177759634629425729
854	17736817778688622878
855	14862321362745135367
856	17648404480291413096
857	10734940647469621951
858	12629545950618515960
859	02824668874971218164
860	13902642341487780249
861	18002004979876594054
862	17786019639399587467
863	06949562516111677296
864	08768668298557584502
865	11180425454985467443
866	02256904868393595258
867	05591148548159892530
868	01191633163994359785
869	11615768984154242485
870	16121506637372760248
871	09034483188191024940
872	12612713590579275326
873	04499432221290426975
874	12238235073274478543
875	01432533148095583519
876	15470294094430475138
877	07773493918042447425
878	07734840910980941900
879	11665982915101691335
880	09348339705300514169
881	14312590498865574848
882	06753672599855027787
883	15921208316834933315
884	14823694670289093634
885	10286609989955513187
886	11501403201033468399
887	17230742897619460499
888	10317674373791493737
889	04711744946057439687
890	13182568934568401621
891	04146166962731919519
892	04276205081805170546
893	14831683538635001876
894	10253170508484745654
895	12013528147162844496
896	03313817111947110164
897	05644167815293697118
898	12430982514696534748
899	16446163005374388066
900	03051432500781982358
901	15512593478232361027
902	03104214372485017611
903	07209691201564534329
904	04227570519120413139
905	00873780648626108974
906	08062029405057467413
907	15547879072083372351
908	04614003074513795921
909	09769945958242163890
910	02483761927338423584
911	08823658617193659108
912	05755317469077592120
913	14518299132890084607
914	12488835432261031227
915	03775176480201390021
916	07506577940355725216
917	02046661296630224965
918	13133684055637670729
919	00193649093868915884
920	01999959717545205549
921	15006133527175722714
922	06780183548680936913
923	05522383125886159320
924	14850556015349052104
925	11268810125275025304
926	09976776729495829819
927	07816374308589881501
928	02884860923378544191
929	06965605428289718483
930	08734595951037153733
931	18302442767550239168
932	09475789736955856969
933	02087908242568469845
934	00408877684260997921
935	05024667593050769523
936	11003460316252227084
937	18138031678835927332
938	02982295285149778449
939	12300318491578580496
940	08805104229854618253
941	08711308050800666020
942	05034593060880708801
943	17754798479751359640
944	02047386536976850265
945	04090240969917640401
946	05724379418702398563
947	06608136296868216706
948	08576081315658634991
949	00741326354178941697
950	03223327345124020898
951	05093175543688513036
952	09706401542319016250
953	08029706340941313241
954	01069409613643793225
955	04534162643322566328
956	05092189446667721524
957	02706174017379348576
958	03722100094836488374
959	12126205610383740534
960	09740079138139585770
961	06016911432270919477
962	11627556598093497883
963	02693591043677365071
964	13935083394694493709
965	17032855383495910218
966	16635549844413279684
967	07926914680827079675
968	17680954928060067286
969	13446991204457070192
970	15267582847549608377
971	05364746666974724480
972	00721768463119039834
973	02176767222310242412
974	04945119331352762313
975	12413943763019782581
976	03887400766973247826
977	15849638093424024035
978	08970109928782020426
979	14312699661402343392
980	02795416524457887051
981	03489132774671770073
982	17636822936042211940
983	02880383428044504580
984	01489523704848339312
985	14454758618532668200
986	07864844728328701261
987	04304331335318775675
988	08304780463364976892
989	03835889973836130260
990	06608325571265450102
991	00725611215288680607
992	00596096043874998725
993	12771200541976895651
994	15893432071090024334
995	07143627866643856051
996	02627387887867987842
997	09204241648577410229
998	18031691088509022434
999	01234565668711124476
