000	0000000000
001	0274098068
002	3192361240
003	3037283361
004	3376134804
005	4085586643
006	0603360061
007	0983914574
008	3052239057
009	1321320149
010	4067081538
011	2368316095
012	3484308210
013	1344759412
014	1804973104
015	2310622205
016	3206569306
017	0922369247
018	1990019077
019	2701401736
020	3369520583
021	0261087689
022	3139021121
023	3148492916
024	0996887117
025	1294704350
026	3468171900
027	3128238124
028	3254035523
029	1292290059
030	0388578351
031	3380776345
032	1862580557
033	4164464198
034	2968987605
035	3334423714
036	3104751578
037	2548511438
038	1657445998
039	2409602336
040	1352450707
041	2832012295
042	0174439769
043	0255376143
044	0395974881
045	3551621516
046	4089550521
047	1475918529
048	2386270486
049	2608440986
050	3414205369
051	2548678102
052	3997481969
053	2900759037
054	3429453221
055	2172509335
056	1043347472
057	3518766814
058	1127559579
059	0084876652
060	3743362284
061	3387662950
062	3067771780
063	3199792510
064	1625576001
065	3149319533
066	2026596547
067	4087127102
068	2974617714
069	3182602163
070	2123185536
071	3949941939
072	2548869637
073	3377550619
074	1805427613
075	4059903596
076	2075182687
077	0671681493
078	3866998946
079	0517420498
080	1345333582
081	3064437306
082	0326617124
083	3928370060
084	0905531882
085	1712680399
086	2287210637
087	3893105185
088	1799902648
089	3483108173
090	3495604313
091	2823864669
092	3101246565
093	2279763265
094	2724939900
095	3043672854
096	2255622152
097	2434458289
098	2964254297
099	1962503586
100	0371827905
101	2528203357
102	0707328841
103	2733709045
104	0225850701
105	2932966221
106	2180920328
107	1801399313
108	3372411580
109	1808124428
110	1652743173
111	0364803334
112	2821694884
113	3721678949
114	4022545109
115	2611218237
116	1544884515
117	2331070806
118	3257171368
119	4201757984
120	1607111939
121	2687734190
122	4184761312
123	2623157476
124	0173016362
125	0259853669
126	3373988688
127	2856159487
128	2013156839
129	2400238886
130	1081338903
131	2275479115
132	0650863071
133	4239983094
134	4053436989
135	3745497580
136	3479267155
137	0803632433
138	2394443756
139	4045477814
140	4019904442
141	2921667799
142	0033275805
143	2451255376
144	1326476762
145	1549681794
146	1741405319
147	1459966345
148	2797540235
149	1894717371
150	2458589675
151	1951346237
152	1888368792
153	1256011650
154	1170355462
155	0466042984
156	2163220535
157	0238861491
158	0926526038
159	1772162981
160	1165316085
161	3846872549
162	2386224796
163	3052101261
164	0846952011
165	2835645541
166	0852781541
167	0074167652
168	2529793438
169	3007003323
170	2790703679
171	3894060953
172	0574053550
173	2179887231
174	1227242838
175	3923687169
176	0431846634
177	3552838436
178	1698306413
179	2689219514
180	0174939348
181	0669047485
182	3235585916
183	2563493591
184	3617950758
185	2605149893
186	0318430773
187	3932782552
188	3470669578
189	1681969340
190	1026721685
191	1809438098
192	2539263476
193	1819243234
194	0890539372
195	3698186634
196	4188541887
197	2083947643
198	2542426119
199	2901976705
200	3608470617
201	3427996887
202	4247248007
203	3025891416
204	2199223569
205	1584908994
206	0830845160
207	2662711238
208	2059081634
209	0452884164
210	0727098344
211	0863999460
212	3907417221
213	0817608740
214	3174305043
215	0666389952
216	2083710519
217	2374328287
218	3924493957
219	3992967367
220	4255141151
221	2159120404
222	1105581339
223	0841153503
224	3022644542
225	3212462738
226	3431705067
227	2233965787
228	0716784615
229	0510019950
230	0893717895
231	0819664393
232	3424740006
233	3147912727
234	0257548875
235	3577941853
236	4198760287
237	3162925843
238	1179856562
239	2363374797
240	0501441281
241	4175063197
242	2385646508
243	2969289607
244	1000154676
245	1243573540
246	4041090218
247	1548598502
248	1579267689
249	4108501413
250	1540349529
251	2059339205
252	2972045952
253	0307264142
254	3866498301
255	0723369151
256	1289184295
257	1562190364
258	1100213235
259	3122073076
260	2927545473
261	2194125465
262	3398297694
263	1726515143
264	1768477845
265	0616041722
266	3115449526
267	2274573077
268	1563760976
269	3665149902
270	0350615375
271	1254068037
272	3186761418
273	4065319575
274	1946076499
275	1715677544
276	1687827136
277	1235273734
278	1877819080
279	0687369292
280	0916861465
281	2164781766
282	1212309682
283	0221551413
284	3842463606
285	3403863757
286	3349354401
287	2038505944
288	2785716828
289	1030850633
290	3833006289
291	2551275518
292	0580325505
293	0041483106
294	0625463391
295	2875581168
296	0750508389
297	1159663149
298	1590877692
299	0050088163
300	3275323986
301	2277510728
302	4057511005
303	2815458550
304	0774009833
305	3524999503
306	3222191125
307	2789379040
308	3280390832
309	0811627830
310	3141417404
311	0024564273
312	3327203579
313	1415305392
314	0605505057
315	3029839751
316	3312209223
317	3128468164
318	2001957692
319	1736233771
320	3080593146
321	2313497631
322	2188110342
323	1425631426
324	3372126552
325	1483056939
326	1544399971
327	1828216582
328	0998941614
329	3189432442
330	0676602194
331	3789328184
332	1820513985
333	2580462785
334	3987802360
335	4270732772
336	3921549815
337	1950053207
338	0320345051
339	3559662329
340	1090730560
341	2655216721
342	0054225382
343	0957972146
344	0227084511
345	3646618154
346	2810387935
347	3602932239
348	0294556304
349	2187667263
350	3984265713
351	1644012865
352	3827892810
353	1212731651
354	1571967162
355	1179704435
356	2674261979
357	0816644098
358	0496063837
359	1778565770
360	4265221794
361	4246129968
362	0533787271
363	2409862640
364	3722850358
365	0076916060
366	0064577576
367	0696480124
368	2571610403
369	3208160682
370	0259565761
371	2124265675
372	2061405746
373	3237665201
374	0820763245
375	2932192278
376	0054281407
377	0652043536
378	0808430875
379	3835374008
380	2114672183
381	2487324981
382	2333362495
383	3609692865
384	1081196932
385	3215210924
386	2490026721
387	2612227541
388	1521234702
389	0497462485
390	2352795794
391	1925113069
392	1361372096
393	1298045442
394	2248928512
395	1723263083
396	3446702687
397	1191821868
398	1667874470
399	0209264510
400	0146971758
401	1270527053
402	3711910476
403	3918712987
404	2324918244
405	0540949791
406	2917671142
407	3841316902
408	3821267823
409	3915993296
410	2625762990
411	3763232668
412	1692508074
413	0252996087
414	2295315535
415	3776103542
416	1573348447
417	3724930356
418	1431536825
419	4055498508
420	3571875610
421	1067186184
422	1105734269
423	1252700744
424	1375002213
425	2428417122
426	3876426995
427	2097423075
428	3809965128
429	2339642816
430	1386315171
431	2574922349
432	1948480135
433	4217482936
434	2100413568
435	2581238498
436	3144121694
437	2619362122
438	1962464362
439	2548843312
440	1891622586
441	0603876179
442	2356299505
443	1141526442
444	3688944999
445	1069829619
446	3685069631
447	0116187060
448	3252431665
449	0533679585
450	0586744950
451	2065944372
452	3860924736
453	1076037236
454	2469016293
455	1075098224
456	1633188875
457	2887715703
458	0618618158
459	3752446203
460	4096505918
461	3749132393
462	3346390849
463	1384443824
464	1622994497
465	2410668615
466	2734036231
467	3998565629
468	2281262361
469	2050403526
470	3666599300
471	1368886830
472	0013700066
473	2488480322
474	3454719853
475	0249532809
476	4025116953
477	3387406962
478	4132371407
479	1027934175
480	4269583100
481	2174370888
482	0618313192
483	2345077597
484	1955620937
485	2759069463
486	3129756231
487	3941842089
488	2855592864
489	1628357498
490	3168666745
491	0829466192
492	2471980861
493	1000370484
494	1375701936
495	3772613004
496	1098487329
497	1568465075
498	2365348009
499	1964844808
500	3377741391
501	1179350021
502	1032521101
503	1022425869
504	0574141736
505	4113511241
506	1657518520
507	1794571770
508	1346903001
509	0162393563
510	3919323367
511	0663189505
512	2743915928
513	0855014298
514	0122387963
515	2559984744
516	0173300469
517	1335240387
518	0472364029
519	3547533378
520	2874745291
521	0458689112
522	4285573791
523	3988241833
524	2598690303
525	0514972085
526	4234243790
527	0392510880
528	3890036653
529	1323288177
530	0240059848
531	1550123220
532	2759362675
533	0715138876
534	0463933561
535	2915289919
536	3153174384
537	3490568963
538	0206787292
539	0209256324
540	2939512918
541	0163890572
542	0181334262
543	3390561926
544	3509012989
545	2586054756
546	0855328291
547	1840734430
548	3996188979
549	4179308566
550	1926168092
551	0525193566
552	1471681673
553	1978466944
554	2867034137
555	1265635198
556	3239990655
557	2629293786
558	0559912493
559	0937184496
560	3548504566
561	2379668512
562	1205722348
563	1949308241
564	3692357602
565	3483441808
566	0593397003
567	0953071279
568	2930491042
569	3213621541
570	0480656919
571	0244205492
572	0032555403
573	1476308985
574	1646888020
575	3183308606
576	3734390265
577	3077796973
578	1085247379
579	2158156317
580	0122670262
581	1046559784
582	3522597219
583	3728523584
584	3627801647
585	1849212626
586	3271141405
587	3095672771
588	3800170545
589	0863414656
590	3822350403
591	2594918208
592	2330391866
593	0060260766
594	2322478605
595	2792949350
596	1571830138
597	3469674139
598	1666657097
599	4162916137
600	2910158566
601	4212892318
602	1584204020
603	2839845935
604	1217573780
605	0979166112
606	2061937329
607	1076534235
608	2331143594
609	2947050243
610	2971710349
611	0085053073
612	2259432726
613	1320919161
614	4096969118
615	3587377204
616	1033830643
617	2772507091
618	1604018891
619	4184821587
620	3421539436
621	3678308755
622	3372134055
623	3199445758
624	2584331796
625	1173724632
626	4089906201
627	3198499728
628	3283726290
629	2632969936
630	0220944759
631	0011121124
632	1195802438
633	0131180744
634	1677354424
635	2155845982
636	4058841910
637	2306755043
638	0257219047
639	0551936792
640	0647297641
641	2528024299
642	2085578517
643	1559520157
644	4085370732
645	2186923228
646	3169351386
647	2338723528
648	4139155943
649	3856857268
650	3048804801
651	1846474188
652	1102341667
653	1543063358
654	0889773781
655	0309979025
656	4101727319
657	1895078600
658	2303183962
659	2134921119
660	4254609135
661	0940795047
662	4128667134
663	2636155805
664	2292757208
665	2881749350
666	0484153563
667	2654634636
668	1213613063
669	1193738536
670	2562647283
671	1263332928
672	1088290911
673	1056218126
674	2830048191
675	2720825813
676	2739068157
677	1209171887
678	0302439940
679	2116527692
680	2090577090
681	0266168993
682	1269413447
683	2435725871
684	2253820112
685	2118890122
686	1005622704
687	2492992014
688	0128279807
689	0534136500
690	0253492365
691	1480651016
692	2917739578
693	3812301467
694	1910471765
695	2858473515
696	3371811423
697	1906327789
698	3902036848
699	3070769802
700	1607086818
701	1373080048
702	1103525889
703	1524665910
704	1337185579
705	2767180579
706	3216497299
707	0395266856
708	0312623012
709	2218574567
710	2412026026
711	1175189999
712	2288096901
713	2928676739
714	3877659073
715	3755700292
716	1544772507
717	1610370327
718	2751048067
719	3830715375
720	0279980881
721	2805590456
722	1327650123
723	1980720076
724	1900410613
725	2325701884
726	1386374114
727	1056692047
728	1305334005
729	4078288546
730	0467105642
731	0131230241
732	3848117260
733	1353178310
734	1726908300
735	1677661538
736	0164170377
737	1911304991
738	2970116548
739	3705378077
740	3289552265
741	3895915845
742	3413250301
743	3116659435
744	3471856563
745	0073278899
746	1673549379
747	1514825608
748	2435506670
749	0836748331
750	2658271582
751	3847777459
752	2578149036
753	3034783349
754	2691740451
755	0488955806
756	0939165199
757	2480394207
758	1955045481
759	0097084360
760	0248334210
761	0980111375
762	3262450616
763	0426386855
764	3733741309
765	2566712120
766	1820246807
767	0230542591
768	1343197315
769	0441215663
770	3421429093
771	1021790690
772	4245668916
773	2323028663
774	1354513529
775	0686122865
776	3673903778
777	4015336738
778	3831641625
779	1908488504
780	0630918704
781	0533085158
782	2216857292
783	3647443388
784	2760563756
785	3745374563
786	4256891513
787	2701181284
788	3172138592
789	1735660569
790	1214156442
791	0876708335
792	3053587409
793	2356696409
794	1857949450
795	2344251600
796	2101221246
797	3111192234
798	3146686756
799	1933804094
800	0508569528
801	3298755274
802	2732432109
803	2599088053
804	2609515456
805	3019761176
806	0177452115
807	3791919940
808	3629127583
809	1357380181
810	3808088921
811	1554187751
812	1828272330
813	3152060946
814	0159425849
815	2301919848
816	2681501142
817	3098429461
818	1856938973
819	4126398179
820	2630788694
821	2855451726
822	0712178354
823	0273548734
824	0137921209
825	1534864549
826	3618612958
827	1785960225
828	0116025659
829	1632292237
830	0650362876
831	1213525304
832	2453469666
833	1619389916
834	2622715737
835	2110274519
836	0900464726
837	2566760341
838	1548847310
839	0931940628
840	3390072337
841	1686923128
842	2491754895
843	0653026076
844	2183454126
845	2622219794
846	0293498039
847	1783579633
848	1398190918
849	2590917892
850	0009980841
851	4116068545
852	0701627790
853	3764944419
854	2946541452
855	3766918571
856	2635258136
857	2862853200
858	2537013016
859	3170583569
860	3081334868
861	1778907370
862	1123027463
863	2326680804
864	2485746527
865	1166474747
866	1486916547
867	0408643861
868	2828506292
869	0278714227
870	1119058067
871	2845973592
872	1836782121
873	0140062041
874	3294776746
875	3533035620
876	0216170022
877	3749026679
878	0190202354
879	0978065502
880	3691236177
881	0804378116
882	4038687778
883	2159594284
884	0772292111
885	0063245805
886	1776971813
887	1800964232
888	0059255810
889	1544570608
890	1366971012
891	3181114048
892	1389711381
893	2555396052
894	0531077543
895	3340351750
896	2184911868
897	3452766467
898	2930473833
899	1838612966
900	0013082394
901	0149672222
902	1989738683
903	0396748490
904	3993441388
905	2905958049
906	1538649786
907	3620552920
908	2345756034
909	2252757904
910	2274934253
911	3669068989
912	4121544997
913	3564536359
914	0730506635
915	3594331493
916	2590634726
917	0392578350
918	0606967498
919	2957260079
920	3822932709
921	3202181368
922	1003860484
923	2930788368
924	0728078366
925	2514063106
926	2083449005
927	4140442095
928	3305995054
929	0074804252
930	2919320289
931	0308054159
932	1843618472
933	1804933465
934	3473842776
935	4197412918
936	3454702634
937	3028550374
938	3818741332
939	3290333946
940	1283341974
941	1225528120
942	3207883179
943	0358786364
944	0713245584
945	0051957534
946	4226446260
947	0890357946
948	1245043271
949	1268179829
950	0343744346
951	4209654180
952	0684776747
953	2841521466
954	0151368859
955	3857191604
956	2307156762
957	0956713067
958	2270880019
959	3883605074
960	4013256978
961	1351556134
962	2363912921
963	0597219553
964	0035546042
965	3387940566
966	0228176337
967	3605830510
968	1020887875
969	0932067863
970	0235065952
971	0221103552
972	3264007739
973	0400980107
974	0386114442
975	1786989714
976	4101772055
977	1821880098
978	1751321368
979	2675789530
980	4099434688
981	2730271296
982	1400266694
983	0426393749
984	2354834352
985	0767881609
986	2398993530
987	3233813080
988	2328939532
989	0773216264
990	3662400017
991	2682260579
992	2675982705
993	1297815363
994	3087828556
995	0778668193
996	3282727646
997	2398951467
998	3542206464
999	0016965198
