000	03905800867809473075
001	11082061050238007972
002	17684051554533881600
003	10269947171604780495
004	06843622802347197061
005	14593043831651111460
006	04525103501588925421
007	07466049932295245290
008	11487947326520131598
009	04780638238266498304
010	08022202348053086653
011	07536985240510654396
012	09210774561347201615
013	14215860483279180431
014	11928296805497769213
015	01329631741301821662
016	14646383639212712935
017	04888143213023972744
018	15376209399109347236
019	16710510288542338048
020	02227855730994426758
021	00498675974289080663
022	00416584250627545528
023	04320019963930403785
024	09297435028444352522
025	00619095059518578034
026	02429832044678610009
027	15099787552718827414
028	08369626792882020753
029	12188852775234235596
030	05907235177759937502
031	09885802139583941423
032	18160721608126511108
033	05063812357622282272
034	09211616997301519732
035	09642950014942881962
036	11014813493224637852
037	16972880966115161548
038	09766784036262517754
039	09888247854985442039
040	04551034687034445559
041	16256300076490155750
042	13217274697908275688
043	02817581717984599176
044	00990431136716818919
045	09041702365447536732
046	08365860738243925270
047	01407405635541912149
048	11939769980273984683
049	03516523854202920374
050	04679276040372807573
051	17519622333177853066
052	17091188546268989876
053	12831863340433672812
054	05551928363341710603
055	01367718873758774138
056	01414028055424135550
057	08991083706089941753
058	16516104231350971977
059	16068491589173743377
060	18092970069682507658
061	11720206533738626223
062	03193620133870595083
063	11874634515020242026
064	04956973379272677431
065	13799628289148278720
066	02962172242776582527
067	00206146757399277752
068	08285093150375484311
069	09171222066925532057
070	07994064695900495984
071	08424756291893918056
072	17065527725724923043
073	14460738497762223522
074	16179799953652781826
075	08066708911758264772
076	15987118415977086176
077	11217095211076512399
078	06363584010061632687
079	14059104366506080245
080	01549475186860683525
081	12886653454098539376
082	05353559538539912084
083	10525504885252303160
084	17329682196515031027
085	09492207921897244589
086	06490010749021795536
087	01738050256739744323
088	11313636580098373851
089	00711157787728236762
090	14572140730804066176
091	07247734136378782382
092	09415318255809886695
093	18108524894914722086
094	08394175338325724660
095	15236229865406257884
096	16523412911850439445
097	09043809090853190368
098	13028520890294893973
099	09245213273449613700
100	10393554688062167414
101	16705285728080810195
102	16525848006431369950
103	03855041144735718154
104	00549481984966474521
105	10240237013191391138
106	02829359775672060918
107	09542780766926966978
108	14697143394617427854
109	16783207440091518469
110	18322330665270995580
111	11125594500687792860
112	09341645165469529331
113	12603290816991250389
114	01036221381111286429
115	08652878585410839030
116	10954893678572937632
117	18330796540215945421
118	09368513916232408169
119	03364536283523403803
120	06926283752926491110
121	12664417630824149569
122	03604474752698393488
123	03621477367794282718
124	02581610936074500257
125	02925745736266223289
126	15741896452303108052
127	10126760114554774658
128	04250629485003589621
129	09230783969259288555
130	18003044083068879623
131	14066932118396055674
132	14248311666736243572
133	08952060711390859783
134	06699258782565113751
135	05385150088683914977
136	14595883207545848591
137	17966332978736007256
138	17799631563087279645
139	15118371823870556952
140	06221306567099586840
141	13911359410207780060
142	03365267336614152249
143	03297951421163798464
144	14342429919654767955
145	12942808666070611283
146	02302667600003235946
147	00658087782777501058
148	05746637199566505633
149	01782575940680982782
150	13771064013801211518
151	08886580315937491339
152	10827166582946971273
153	05312443754847798840
154	06311242995961725475
155	10012100436481839361
156	11080626503084486029
157	15364980070501671297
158	13767621541310862871
159	04267903254797918355
160	11544199923209551962
161	09220690741371413226
162	09013522178680317275
163	05298160032421660898
164	05161701652329477807
165	12201010684679393350
166	14548833115341115585
167	16634163726049774444
168	06135117302492469967
169	04126695583827242193
170	07224218752921105247
171	11923047735122606430
172	09668241307699714000
173	02964692953159438734
174	17632771122472844222
175	00012560286004298634
176	06059643118729502280
177	12945809190447618445
178	07804768615519030878
179	16575032358945471453
180	04025011219881717195
181	00805411987192286371
182	09263449748459067150
183	17091567956152325443
184	03353226689178476961
185	01341080583585597926
186	05584372077537019271
187	16075200030807174198
188	15354128417053259531
189	10836934489220218887
190	01792219470336403812
191	11770303025219272822
192	06534604006669238236
193	04890780160627089948
194	07066193176351351298
195	00669931511811823518
196	17517396564063998333
197	00971971362028551816
198	09167062089669578091
199	16946088252569669853
200	02722460889054395194
201	06888651167248611411
202	11715369179709528482
203	09348990504861867017
204	05523898079947239859
205	15510545430714025361
206	14579460482826164582
207	15360862352972372946
208	15016298578456337917
209	13143961911112823919
210	07469758295995984925
211	17233519475157346945
212	07510130988642047661
213	15220058400769146187
214	01689038896505949519
215	15142766840163887285
216	15140208271798576365
217	13916382897792168532
218	14691832873400058733
219	01062970736805004318
220	16243682264514080609
221	12310115178000880803
222	04292914048312383933
223	16320600598623212555
224	15998171636182466145
225	16968409254057961133
226	02540271219557905453
227	15299273787868717921
228	13635477283964289450
229	08550590911687701704
230	07002174658779195655
231	06028837694586196876
232	05978366931672175552
233	05316321856301045959
234	12963940283827266619
235	13770192002389531152
236	13407090030655193288
237	03928018549550224687
238	08994835684121173486
239	18219189496897300907
240	09487687493462594190
241	12908844859699628062
242	00723523786500679154
243	05880700603137442215
244	14128912640987808194
245	18015229318341739932
246	03343735952072022177
247	02454823259646722470
248	18424631712854659736
249	13929730727007483852
250	07949133114918364069
251	02447541266314221831
252	05327416482079810422
253	17807229937561344437
254	14856385079640593493
255	03007611095509912554
256	03464435613510106748
257	13885242021990115873
258	18056876639048780749
259	02409420788651389590
260	01398577528739874413
261	05912244561057895284
262	06716144271729712488
263	11071953427641513722
264	03745771194159933344
265	07774072977010098410
266	03721450707096643518
267	13520576042091722503
268	17729805717538228842
269	15353289260686291815
270	17266241173087485413
271	01597644618030692990
272	07138346106058073732
273	06356260490951453801
274	09210350266418088681
275	08907415332642685154
276	02035332989971986184
277	16565364231173330350
278	08230519206813161599
279	05098431269266260599
280	02278391928293365103
281	02646710137358180421
282	13069779302991158987
283	11916672737862473297
284	06853989814957062165
285	15252251268769230528
286	06747345597289187645
287	07137886029869065025
288	10655200855391820190
289	11464615674374815635
290	08774460487206138022
291	16407327775839702812
292	16171136043362946622
293	11376489412768341478
294	17245119952856312883
295	09599446078613284868
296	07834759410349817049
297	07221352174770692008
298	00917938747483970729
299	09722255429002468386
300	02887025560495795100
301	00183898846183017163
302	05673473139353003896
303	09140697941187546304
304	17122751809310088503
305	09115712284150591142
306	05237676791527134609
307	16214068516265115606
308	15361169991655051159
309	15662605270658420839
310	01185973320518431605
311	01404906238211223092
312	11299687096337704380
313	14732312353607827964
314	12181347927689698937
315	08404730482696545825
316	18054057862353617412
317	05825579320799449355
318	07344539252950918309
319	09892383519477504263
320	15914006139193424991
321	09706102530088222898
322	11145905764528176409
323	12437164322148021676
324	08413652565637195828
325	02886696212520964554
326	02118539792148049580
327	04517774462791370117
328	14663887376696914773
329	06203770471528095859
330	16839380818909812578
331	12979243155992840547
332	00739129962084619958
333	12438624828250816503
334	07351827081332455181
335	00223720205664977990
336	04111920156337614126
337	15207185312833745355
338	09213472718950976745
339	07733847721119081877
340	00039591294896118177
341	17395027064257527472
342	00825717140499547890
343	03095328165085299050
344	16044291745453316778
345	12730879963396946324
346	12733880481622947951
347	05968234573631496939
348	01669607140718559841
349	13335922773787329913
350	09718442755848567330
351	01012552191302638783
352	08609091333226205211
353	07036983389901217158
354	05836969340965197194
355	12279037185157875120
356	16261489623546772347
357	01193904908199579918
358	14364723400787419920
359	09864508603006365945
360	16759790946821799490
361	17636371028990582500
362	04921967637426454091
363	08899646248360807543
364	09239264989814747694
365	09111932109819705681
366	11175927419599314988
367	10404797618907500469
368	17843718200194353531
369	09745356037630574185
370	12537872676004470705
371	10189366377003263447
372	01138666458945578950
373	03407757050770133180
374	01333761772162047036
375	09987690934673103528
376	07739114453575559773
377	11414287215353639794
378	06694819435038110450
379	05028782818388358415
380	10604356951614665275
381	09667456849799322018
382	07493473723174432686
383	08520459234063020433
384	10533805222388680085
385	14619796614177853617
386	00791266538889279817
387	14275714596091954294
388	10527002657303706885
389	07095888305757818807
390	11762173047246785290
391	09112339524013961247
392	02129957849294246278
393	05492110687042101405
394	09567110484281470680
395	10392126617011309504
396	06787414154314416678
397	16177277394397462625
398	13796409627412001751
399	14988841252159415785
400	06527371777643209115
401	04499295237929978261
402	08655315301359542564
403	13754718496327992811
404	05096465376366961495
405	16099564342538497193
406	03104107418309667463
407	07265723104316337749
408	12608988501062268806
409	06555840909744946059
410	18054465503078409706
411	05908012717997274946
412	14917769166831168898
413	03570578810237639887
414	17451509979242090771
415	03672425333950994169
416	08664698273600897673
417	14704922202304242102
418	11598657927701553126
419	16198461051423948279
420	16899302919359864826
421	02145898739060745775
422	03670858335981690809
423	00630444446193380745
424	03293903221214473057
425	15533511988988683513
426	04697998018176744176
427	08599270222861488605
428	01051307975954883308
429	10407640004855491522
430	09065705993447179482
431	00448038976200347179
432	01251978482692749092
433	12690886048710366661
434	11019664857161115591
435	00159973541993366713
436	03121387369274168541
437	02969196603165373835
438	04147897072953694216
439	00770503775428914562
440	17165209209638267745
441	01587153898664137884
442	07283829876196711364
443	05033055615767982428
444	00850204376592464337
445	09334585978306132085
446	09627106432259950478
447	05901910209850610006
448	03262055661458474762
449	01349057904634405283
450	07651337200966967622
451	05818379440950310439
452	00754592538610761014
453	12469990826267871903
454	18060688753244785510
455	16535398422265931222
456	02266071444347549252
457	07938925832858363064
458	02615904837025701027
459	09788880457768055777
460	12802886312332652028
461	06666746062915168182
462	06241341242640485535
463	18185277459020660561
464	02017925012659900495
465	04220541971977876575
466	12804130067078643928
467	13044733273322880498
468	18323458574890316475
469	17971878242092331836
470	12551533297169141758
471	08796100552022620014
472	10511132683242437527
473	07784674866363155828
474	05060795118329388862
475	13403903102714045936
476	15873573292008860091
477	03381750028812681412
478	02688682263783214523
479	00860084354075064175
480	00624122730180821541
481	05638467643466000858
482	08407706577086726257
483	09700251133168725443
484	01729925556551423543
485	11587341404402093963
486	17905035361407549628
487	02116001068848943176
488	10888634898879597837
489	09854536005948748038
490	17561094744162750118
491	10117084058505465696
492	14303289037408151037
493	16843052034986036918
494	17903927049021606132
495	00835804233969566214
496	13577024770482272645
497	00291152023942585701
498	01316374431545983949
499	14442072502263947861
500	01094621928601030659
501	01026838168895780408
502	04936081264658229061
503	14368900530258110588
504	01887696100015440421
505	09422494112573790340
506	12979051230741562197
507	15094958240195423315
508	09225310373257976803
509	07491716138304627986
510	14113481742533719622
511	10728723343011294647
512	05633617951858257309
513	15324953622288357081
514	12801489197353919099
515	01303213724758538374
516	18326091789413817671
517	03168437217446503555
518	17565828143819912087
519	10230565113305490500
520	15745843121757476618
521	06556244485527412650
522	03259740491869831633
523	01875208289102622337
524	16386464291853182251
525	07704751853667678712
526	14853702661205179854
527	14353272284196325693
528	00091965564284176535
529	07767586796873710561
530	13835965374802031752
531	06148421635206281808
532	07531448598063819621
533	12066083069084759966
534	18040257427037735427
535	11757349853260632318
536	11578745113659176750
537	07976099786582270684
538	13700075357897113133
539	11164682118208268479
540	04662983470239723446
541	06839522442712194402
542	13126478913318454772
543	04192283866151111400
544	15697682159821762977
545	10744448184811233882
546	02410739784491878870
547	14800872380584424372
548	01830177208032113758
549	08012739002053735400
550	14487121155020252825
551	12337159549172731421
552	08576241612449356420
553	11225314589483782316
554	13374976303190712335
555	01861048561780917803
556	01141992410577264752
557	16159670003011711658
558	17989237330711040994
559	18037106173402983465
560	04539218223083102894
561	13975886446474162135
562	01583056759005532718
563	03662739522717228651
564	03602504161790583994
565	07990441651578155569
566	05442687291287632224
567	03447972646778258896
568	01803103004661273971
569	12825808124576242973
570	14895747940314017840
571	10342405242882146654
572	03790948155942028521
573	00376665797385997706
574	17611629296250791706
575	07599839162486598334
576	09680546635384538990
577	12045107489025550091
578	04753160667049920556
579	03648208417721194888
580	09487726167372270299
581	13876507504017665322
582	14083631879825968708
583	17210025331457870920
584	00126075258306437963
585	00172293718648055360
586	00985289773229865281
587	15994586021991294402
588	17113830208458752362
589	18153113295541270763
590	07855749981009619995
591	12405946220065175519
592	07703116648691786668
593	11322187765246951858
594	00803586785486226644
595	11417427249079709071
596	16611493670245716242
597	14665462934684895790
598	08880913484168158100
599	13555733193018333635
600	01359469807925269513
601	11505014629660362071
602	09717645965690888731
603	05762208330459674031
604	09590185757322051575
605	09282720081720174119
606	00122401744559713675
607	02926478879316806356
608	13289987979757842598
609	02088813631382979277
610	12040996534262508400
611	02240949068461740929
612	16303560249124765532
613	03669358602890508845
614	08398878681506816792
615	04630122994773604541
616	08347806518804656208
617	16604679526616231386
618	10377721294878536864
619	00185380167932414119
620	12873072377922448437
621	05509138550082639872
622	04170941650981348668
623	14415289663778656060
624	16841874097529845903
625	01575076770477771370
626	14480593487896895258
627	08575986937953227307
628	16915371579341308716
629	09867609624813338412
630	07745285849320740320
631	14359699276293145238
632	02601159084997636041
633	05518012434099098219
634	09609000138569755813
635	05817856354448766406
636	12498645243478311997
637	03806645037320021115
638	01579262473933678118
639	02040648089304190584
640	16200732213797739511
641	03644598500811858622
642	01779408828492218966
643	09268179417709913992
644	11584170347199001089
645	11829806833239711609
646	10863148286459476082
647	12880391956115289698
648	13179035982534043454
649	14665012819822757753
650	18311324008015029979
651	06631455084514041034
652	02034052656188881641
653	16729944459733875451
654	16030421534312866682
655	17871071411342771890
656	10061914850272481898
657	06087932530145614625
658	08018896300052357625
659	05969054479319384779
660	07117803066999049821
661	01104314955652798850
662	05250289080339131234
663	02046754884993393328
664	01639664200617448881
665	09887771761301691454
666	06327028826004765755
667	14742041875570416793
668	03537110785842967206
669	13364523293761227538
670	13885012287446882512
671	09757001577597852715
672	11131235840334857639
673	12711280686055105187
674	07695997858163116786
675	08384468423897077162
676	00998549048882514046
677	10285943790985421587
678	13833992238411873085
679	09715269690956745474
680	10140739841934567668
681	14843632684103851173
682	14309853664833534169
683	12335226210967605627
684	09387902477317531957
685	12095266895647435469
686	10263612110416920277
687	03528560164182457624
688	13726215593550547971
689	17825633827105888475
690	17711350092479233966
691	17376701455176594963
692	15420046880548808893
693	14323863796021012347
694	10590312870230659820
695	12532850665462747653
696	15616014979956762523
697	04673257313182117817
698	01930930423130520571
699	13492337055733088964
700	12561240060238269097
701	04962159287237581458
702	07904894869002941750
703	02602008944920511955
704	13985291609495739298
705	09868548445767016643
706	12962047184793039261
707	09819763881900489292
708	12368718919920815782
709	13895749431311201709
710	15581100778193017830
711	00893118177441188535
712	00982999357846470619
713	05841676626761738443
714	02871133583598263598
715	12731438282764729583
716	13819701465747764698
717	00191418157818843881
718	18023787141335688937
719	06653942027128403490
720	04162542732197311656
721	09004733311936799998
722	04470668031586406690
723	17308862032643384724
724	14569748194668050917
725	02880544753100781184
726	05844556302879969063
727	02368345849771705012
728	07222779719260974339
729	13931188636562588291
730	09914494970322772056
731	03932953306690627921
732	02168199732551647357
733	02454775857430682734
734	04277532939202899891
735	13605441765835453291
736	18287421105250596615
737	00177010737858946028
738	10510733876718195739
739	06851120733165705925
740	01987056148932671452
741	12406942953148234181
742	08548058747697156807
743	12547957954717849947
744	08520256606926478940
745	06749321261608768824
746	06182918985908046138
747	17970955251732402209
748	16892872930809433060
749	09627853405445119093
750	09233293828581983815
751	06456292943223309624
752	02782064537968914317
753	02866520975147420845
754	17513404052766296531
755	12036988036634317974
756	13239945323715899898
757	04237445422392002962
758	17244744838616274249
759	17597489351544638028
760	17910379494473513991
761	13698773844193990734
762	09859691662161925395
763	11581834267476944167
764	15496511424824783830
765	08316679992849894186
766	17473758552437403921
767	07767074687393727187
768	07371143436401629443
769	10877776956478021712
770	06243625532167975218
771	16116331911894062827
772	06661862646115646833
773	03673192903370099058
774	00609008040242140076
775	16675081601721896672
776	11168928115185738783
777	03287659437608276856
778	00220228064072473994
779	15097225159958977693
780	01573103221609550317
781	07103118795560112002
782	13410307978231959465
783	16606841694107887797
784	13758033661060684122
785	12101982641665865977
786	01725028515865405753
787	06957530431251351414
788	13230831047659770302
789	10188445138346887416
790	02282878200040475102
791	15658743055581123556
792	00564040337370144000
793	12684952728075521788
794	11844243281482353087
795	02108935545725252856
796	14694289796117823401
797	01672837399213358181
798	16817796475227325337
799	11154799947151348345
800	14470027704457913663
801	17169239494184142129
802	03526641138102326008
803	05015044799634387892
804	03201377093501489210
805	13648743126425631959
806	13967780767969225781
807	16624335711830495326
808	14800042074252638840
809	04522374073346310910
810	07588602944095448447
811	01232462245114767302
812	13240472295105551058
813	07421813347650327992
814	12177825604567952015
815	03628040141302992753
816	07466152411093080977
817	04899188264255376698
818	13997621331842422477
819	11188278741307462580
820	12630139110549725708
821	06750046725100329110
822	00883222954982831430
823	10561672573985493958
824	04202628709039984749
825	06568172947350877160
826	16974969656269921904
827	03715499804848466868
828	09147227443091661970
829	14895011210537286011
830	16065310776595948856
831	03640337622759549923
832	10572354761144090037
833	15083987779561075154
834	02566177654252850712
835	17505730045958241322
836	01762156226162723959
837	18158976141714098789
838	06050696917648234276
839	01410814847935912587
840	15333474351142090251
841	07039478172354160866
842	00419112849270143518
843	00985214233219125867
844	02233265699577159066
845	08557112551475315700
846	04380001188173600333
847	17392539704944308103
848	09239387965588268090
849	05322746529081892758
850	00568027401121206364
851	10945510865651387613
852	15112700873448070459
853	17935204665214135314
854	17999908405729527631
855	13417888083515465732
856	01516823978848179212
857	07600157045642849087
858	00601685723324665965
859	02072918665735144886
860	00613500569643065036
861	14021434633145372810
862	11211617417395866919
863	14070678989313809462
864	15670097377513605838
865	03145805523432104667
866	06793073846159806113
867	10454833178533455669
868	13013519047747609135
869	02185246653717493704
870	07341656273217794246
871	13575459675090464072
872	17665776908140088740
873	01240218979611274511
874	02855354330486848522
875	15024638535287526060
876	14497189737842521786
877	08332898437692295572
878	13180211164817300207
879	15513760608089605166
880	00923957177262188977
881	07827690026800738558
882	05685881339778027430
883	10637607577985194363
884	10622660407434972140
885	16689576229342790259
886	09817912200208931946
887	15665937237474553541
888	03633092411258302264
889	13744067609009026882
890	17208578563207196361
891	06470576365525721380
892	13019523835988427772
893	17422653720796327411
894	04563320988647143281
895	00594228840352175724
896	01145145522009120570
897	07529225644449637514
898	16058478958874686912
899	11857254860633144913
900	15795492202238753999
901	07974462878977957641
902	01802968392518267324
903	12080442707083411462
904	03748414270932831805
905	07755655906291172236
906	00464011470894735762
907	12600696328545217260
908	11433520548404902692
909	08494147274705922120
910	06709905408078552561
911	10436661868721720963
912	12835869424692681605
913	02766606530166544287
914	17759100920226618131
915	16928000406190505412
916	10546912177138945903
917	01989478828292632755
918	01254232725057903874
919	16881140718815277920
920	08030564197954002482
921	10529854575659795888
922	10628184772150478337
923	01107387079442494270
924	03835264595777037975
925	03883283551339854149
926	11061706123239367670
927	05876075399884795438
928	16627493206222204501
929	08226396059972252361
930	08536973110410873012
931	15836091927402117002
932	13496345563986595336
933	16912808572560399774
934	04654133426275182649
935	13440201667131147847
936	07316316066783918237
937	03974511955694480017
938	02815387303329802017
939	15631612854220538664
940	06550627779441251202
941	14791876029839673579
942	01341896382967626264
943	03594824301727278335
944	04895002583627493771
945	04695001419176742178
946	17649875196404519168
947	11318531202240127618
948	01640945982786062665
949	16704188027453524248
950	13909751610223420666
951	14843905266774359353
952	04742331856644629811
953	14455468282174887711
954	04545079121580273963
955	11762041542689401520
956	01602488630285076249
957	00991661492397682240
958	17071071486607128410
959	03480534553787109764
960	15562919763631111491
961	05471921232202064954
962	09535753184949548497
963	13107344944244780465
964	01547113106956935099
965	09711045078831167067
966	07288937712323033033
967	00098912301647685040
968	02331521165668458714
969	04719994707438498804
970	14946711018859890436
971	08511983767513173222
972	03209222425381016758
973	14466135446268335961
974	06916821545084373646
975	16979091825637499161
976	02706656922562039950
977	06316898101887334052
978	08142913255993417131
979	05856669383382161809
980	16621124639114903201
981	03269632582533052206
982	01336349506516421511
983	00574180742313608597
984	05456951559461650151
985	14528267923289046042
986	06155379208643396010
987	15137083862207368449
988	16505352233297817383
989	09020636281733496647
990	07650929746195522218
991	09299660395368071873
992	08591078454761876313
993	09783440112578246493
994	13936347840535886706
995	15486307596870579668
996	11579025638911707256
997	11854505358279910748
998	04101884028455969864
999	01769231571793601795
