000	00000000000000000000
001	05101251772768958625
002	02825772955022228269
003	03067212171283752113
004	11777863836670651576
005	09633593874894861717
006	12351150214109566576
007	07310139804002543334
008	10395940803367892783
009	05557110465990516205
010	10786604708516459650
011	07138048056855804798
012	00953443293238973910
013	12602544410590630238
014	07300014540177824476
015	14226925603049464458
016	06795023930703995512
017	11123990314149496347
018	13726631705633168720
019	09888044525223052142
020	06699130055706903251
021	02668931488393110916
022	15984541068685345798
023	15917724971393403260
024	13516750025817722095
025	03739129394671206916
026	14967217434508666900
027	09348956294406331680
028	10493681257160618739
029	14606536019758741756
030	02167650774108568570
031	09610029154506654389
032	06045563819829070826
033	04506898289659785049
034	03841362924904432804
035	07973987995775266027
036	08825254735859156293
037	01819771360347198735
038	01760188663563608146
039	04333670334305212318
040	08837866293272891189
041	16933971812529404583
042	09030372308151512050
043	16236448957056561389
044	04339274574029004876
045	15753749182884719171
046	16495115158247636307
047	01148270154572256305
048	15912342366315785536
049	05425876099464042007
050	13369526215450372491
051	06409247282891397500
052	04003277935973607028
053	05967343065940984835
054	03488859639169778930
055	10014245257304409982
056	07352652273958231484
057	14440821646478062093
058	09629772115346621625
059	08201693743562124728
060	14702398388104802794
061	18428200860951394463
062	16046940301030016517
063	07718890889132731983
064	03626734084625023037
065	05260188056044818307
066	13276294019871580557
067	17959655115599508210
068	07963852808226527632
069	11746099982088996068
070	15807765784983058434
071	12247231130651063982
072	01965334866360536830
073	05391802634706857449
074	00397802861744393981
075	07179418889278832357
076	12524456049650313410
077	09344205602234409319
078	17382894986741559130
079	04654953296406130550
080	10993913119065302611
081	07800498029928358636
082	03379341328746241329
083	02670852932938357922
084	17605801917236771335
085	14591309367157868694
086	14164852569577704678
087	03429229344925735640
088	03477972515790856326
089	02065000614941977448
090	14305808078601166608
091	18166653189795359223
092	13935781553009855919
093	02149427999677348743
094	06414041662413401611
095	09694864097202217462
096	12776771645314475923
097	05372949006533566803
098	18369166092655654856
099	02189360086696934183
100	06341408683551928888
101	09030784701773759613
102	00962742623069973412
103	16276323063583668658
104	10296308137713263225
105	07088316934242266935
106	08019646671310030880
107	04495641292003762752
108	06666560307170057970
109	14785145774165525359
110	00799412009488686786
111	06690606276183083625
112	14492114617765624668
113	15290325812545127533
114	05355172250685862376
115	15952058316521373787
116	02503021782571880931
117	01772733924488368319
118	01356227362945747563
119	16781471983113549918
120	05879978197471597609
121	07026946144277470019
122	02705507027676826525
123	16760184453365513432
124	15404072770391074497
125	03786142648726860622
126	18027351370070786915
127	08599178413878173482
128	17183514729310063372
129	01831264323509093766
130	05244477458781310825
131	03570282503196396441
132	09034295789840091151
133	16441010357545737869
134	09126222227779469763
135	02328040944425477378
136	07852654559701549368
137	06236740291110590008
138	14438038605546149445
139	13607566325036377768
140	06130857812571461628
141	14400594142128134360
142	11040364714294107100
143	17574424959138421892
144	02522765779862958865
145	03705439478068031508
146	05568788847864305648
147	16172180605162160294
148	17921743995915449358
149	00229055120286277759
150	16253642270985421188
151	08012858056601778429
152	02854954741308142738
153	06178458714852282150
154	05652017518117106356
155	09443158192452063484
156	16401857089329246999
157	05371634640516301586
158	15033244254695313377
159	12860295314099769582
160	05188638648611387971
161	12700461980843217101
162	00466214441493088873
163	07366505443671339839
164	12595877754007908501
165	00283551046956073906
166	08582417595160168587
167	10670488992688203129
168	13043909426231313199
169	00586646134401173381
170	09389698841488043243
171	11949650616941944457
172	00119850872112519543
173	11687477757631311876
174	15325801913579292108
175	00229962479694334191
176	13586020025997624836
177	16859267860266051318
178	07933495663695281348
179	17639924493308001361
180	04484888468811892514
181	15880304346956958292
182	07349363140961001836
183	04844955886061706135
184	01086765030957086068
185	12741491128219784968
186	09076665135574485873
187	13083894092073355282
188	02439467626513341542
189	03618017464817925856
190	05055257296236011099
191	11925634502336378895
192	16501395934400219527
193	10672398286087546516
194	06832506444745803889
195	07859714361596000231
196	07777646295567627593
197	06484994343590463297
198	05042866733336539942
199	09156137754841254883
200	14177183827240665758
201	00949330853116607033
202	16511814976587459564
203	10226618943067217429
204	07031433962034240138
205	11691290939356601069
206	15056392027730893016
207	04987184856829623957
208	15192470185628188530
209	05613688967455400156
210	10507622500923579566
211	06611630818445847790
212	12847205333609126719
213	05509246186189261823
214	14335751939587642832
215	09107753519447692800
216	06832619880731465865
217	04330606178656350205
218	03214343945062782045
219	12783107043159195961
220	16823700322958584090
221	08805214250652029359
222	04738544763213888697
223	11205004328425223747
224	07181993166409320966
225	08577702874239058624
226	02254088719014596667
227	12695991877792741890
228	03254990522558031571
229	17185841296665286205
230	07541780060163971393
231	14485169722781522485
232	06629756605430335076
233	06289616052859246609
234	06549680522001638663
235	14181227216645445166
236	16989039607628956656
237	12898143045430116473
238	13596287608055354070
239	03157253900711992571
240	12787906500065194589
241	08723317658843311686
242	06432761549382100413
243	04883471663359873451
244	17413333788515403587
245	14106793836070490651
246	14197395798967971383
247	16666493336540135154
248	07862530299000308548
249	07897704246710898582
250	14454213903110486102
251	02941233524420488899
252	03198321883587355100
253	14074614410404084562
254	13463112684076027562
255	05595145500224525694
256	09696001357415103377
257	15680254131547065965
258	16247142092703559719
259	00049824810971380743
260	04143810255562986105
261	16255245675884257839
262	16737450514359769563
263	04042979545000741886
264	08381523999164413944
265	17785630523421329822
266	03004410645824769545
267	07301048167651733818
268	14849800756743721358
269	01659664159722058529
270	17634873205775470339
271	01899247465250849918
272	05041979023074935775
273	09102871581732921837
274	17269064291842867151
275	15770148944596925253
276	13996781990664711471
277	12926450976958705156
278	18409858179409534101
279	12647995716673099714
280	00029557183899097720
281	08902891373937767631
282	00514568531717325780
283	06321712497031787847
284	02123209128986406499
285	02862033214334111286
286	04609961387924626444
287	05641918956800968893
288	14430982025547990793
289	00013550328756756229
290	14460222059015660949
291	09618529797760988453
292	08035907881043209000
293	01777689207007221257
294	15822776835333986706
295	09448701005967105957
296	02745838180380528340
297	06124731815211521171
298	11651575846577812785
299	10166863304570346057
300	16874966202004430767
301	12623760926227874736
302	10247437451330426932
303	06299931074064150813
304	17995787312073748859
305	14430514077561937756
306	05083956408002159640
307	05210452667774494344
308	03356297978190585968
309	07942154665574748672
310	04750479610938661670
311	11706141778856974423
312	11382133582510457325
313	10257397516833611827
314	00697375824803563546
315	03875995207687351625
316	09426094650208059204
317	01904234430358396174
318	11788973624254173309
319	00079265307179557678
320	09876753150363830479
321	15664027963748152939
322	17239318402149990750
323	12160562296593962161
324	06511042073019072967
325	15459679645269513061
326	10507468393146569922
327	09625279051757835865
328	10501938109283657928
329	17341046772962783457
330	03104460994614088466
331	15489644720001044334
332	12452137617200578831
333	16305577810790223613
334	07592242627342036640
335	00493202685468609013
336	05796050886425043051
337	01223650155040741041
338	08800536009967218602
339	07996725763117300922
340	14553370566823116214
341	10067421861764568837
342	16110504834106528616
343	01708194240020971543
344	03980195298193669140
345	09858686800164760381
346	14239107169610126993
347	10337942075036111907
348	07234823868075611965
349	00118648608159076327
350	11547598970111232226
351	16274654781723197884
352	15198832034375263767
353	14559898509284575224
354	07893336237245999404
355	02534136026425267225
356	14055665945925912348
357	08153815558014101021
358	04781181690423034577
359	09608350550640277494
360	10193042554543320308
361	13017189108521414523
362	10960359792843272517
363	09708485889723633811
364	00108945439683372146
365	13772768646950992113
366	04488180562292295691
367	06143172345160979260
368	09702905222153355219
369	02511251466262984834
370	16065007113779981321
371	03946939396786770254
372	16436777076728809524
373	14669886806843564316
374	02027163947318382386
375	08617564845076591559
376	03177911706972020258
377	16714092277007777153
378	06071692165654059941
379	12975614552598719479
380	03585229456050639227
381	08471570322150961461
382	05002277421994572238
383	02260826381491842435
384	02056160788877557350
385	16607108718194242643
386	05955223078154378290
387	06392805997596776017
388	15027805143082506692
389	01275507527294483186
390	17844226579617528932
391	03874980228596534191
392	01205214467807023699
393	07039954616114723430
394	10947354242069024097
395	16224483029943521236
396	10520905668090369003
397	01168267172076636919
398	07676393418236782631
399	13962380856315333624
400	15627285713484661238
401	01483629460623199800
402	08094911699993540036
403	11064831652184876692
404	03929421204921854745
405	13469958557354651918
406	08039041440333113824
407	03208132571735669992
408	14330192848388649190
409	17955256159599360390
410	02624701983103189378
411	13033977377072100630
412	06686129205780880932
413	03317825241149631399
414	05639732828159519104
415	12096384868754412682
416	10557174690511358648
417	08672706605125588944
418	08246782591494299795
419	11362315939730534680
420	13739444884034675753
421	11869573039047800430
422	10631943803917622139
423	04043332388382137612
424	15799797646389747636
425	01797797213453303917
426	03796338463824846350
427	13266912183285119125
428	03488380739903323695
429	17519355052474598397
430	05844474968758188750
431	07904261540771877506
432	13079896734189538237
433	14828077382056153177
434	01053151986816657410
435	13043089544974877753
436	02546563050049680337
437	01431262010685420221
438	13084884683677377988
439	03448602732270573968
440	07508879601031979771
441	04551792195813981865
442	09271521196695117611
443	13385553740599503919
444	01293322615398103024
445	10529793069574760313
446	17915859048863516415
447	00468117743916786961
448	00861934942818914491
449	13346612445840081136
450	01796582332129824732
451	02988588597197426864
452	07131515318998837831
453	03391121983094239370
454	09819037450550378232
455	08942241767551183320
456	01569678873080111147
457	17445485741621980524
458	08797436874127003221
459	09744508940574684247
460	15679605562663905486
461	12831628989540065997
462	00179726251123084206
463	04365749883254520510
464	15665763604061101645
465	07086002317365604166
466	08042154218471856689
467	10061211367337120653
468	01550648649442193270
469	04108649686315148662
470	02985680088591739381
471	04988538902320415644
472	12724479139985065189
473	13123461330450100144
474	05028383315152476879
475	10916385993490730052
476	12242073363144140142
477	11099940908616752088
478	13543074483255232298
479	08788925597822491539
480	07286555237692416043
481	16664896080049220448
482	17265833306266784551
483	15919447343734359591
484	04018371552801070498
485	10756669095924766196
486	05660504835594649203
487	11967660720358653114
488	02594965016226150857
489	12239179761412102943
490	06705743455081928539
491	00317897067280111973
492	04832427318864742049
493	07808788043792403402
494	11582290346664658528
495	03084115977550495927
496	00279926724409989659
497	17674488657879756373
498	14954084719501890154
499	15173030537374766193
500	18044693125299501059
501	04033180421261860563
502	12448646762618539898
503	10296561136537030938
504	02235429675901922766
505	14310452169778896463
506	10197794276661242812
507	11959063255603888922
508	16813395548880577756
509	07885764800172834845
510	05996057584866743735
511	16325755587294783418
512	05918097454384007408
513	12644702455702997962
514	17764652615965563398
515	12315107398810773540
516	09986628725785261293
517	09719123287756875684
518	18195775579183227024
519	18417739734170959472
520	12001291925984687301
521	03229551391748148665
522	00776296098948627393
523	08926688111904343519
524	16188720431295526775
525	06924323250531774349
526	14762568519556096762
527	16006097908390116751
528	03209474882763422631
529	09368135800923831299
530	09770731697032929856
531	06666421788275662670
532	05875220500318055840
533	14527323420551325395
534	01660058813720255244
535	04047709011427999266
536	15140055430817259717
537	02944725421885531696
538	11724677044809295523
539	01922897536279885775
540	15440141877979069459
541	05411920357390673044
542	15562547981100429275
543	13000597027704803219
544	03678829709131384040
545	07725964695390739340
546	08105334793148110282
547	12196634943331510292
548	12994036719822716212
549	07240913211812115523
550	14393929011196600218
551	13040391951274490952
552	10376549359463228205
553	01846453599324248493
554	13076834246786690321
555	16376020797393521956
556	10299708919125287283
557	10404950646758540927
558	08204170679564959037
559	10553891859569147332
560	10257805406827218440
561	02009750057615542413
562	05060323955553374960
563	08623120347110861165
564	09301014031409164732
565	12817519905358277846
566	10055860853858229897
567	16650413837889841516
568	06534112346939384452
569	08949391245977427330
570	05601601426659855564
571	14724608542238479764
572	06670809401716649392
573	12219988435003013026
574	10400978041674962364
575	09764328240313442288
576	13464521547860305745
577	17087622414555915187
578	15689815138030984946
579	05701725493163769077
580	12222649099818500406
581	10288605762106544012
582	01328642039342257981
583	05651341522220657777
584	12399330107250880620
585	07096476645179762385
586	08786067965085606783
587	08857396741846702438
588	15256296173196517916
589	18129032199521236919
590	04576526887534248328
591	00241879719340268658
592	02613270834405696580
593	11000642827597908277
594	07872223915334929281
595	10574215770131313215
596	02019365556396979215
597	08848522869036674881
598	10580712650320796289
599	17949367089887127570
600	07656866114108722225
601	17677002449592557319
602	02730923505617085588
603	10814672895935286512
604	08182253775629084798
605	02508052044303126545
606	01862971184412564902
607	08300262158699327892
608	15287068525976039157
609	12843242270346963112
610	10090141048577476491
611	12500532139502675445
612	07032070706961561005
613	11103361938666327614
614	04935057362392609492
615	15891978452731559077
616	07620166819425315131
617	11796131984089912076
618	17847362531268933127
619	10214345820287088963
620	11832466036923609513
621	06718631658079137433
622	05636977044498318507
623	09093915062224307102
624	17084476378333116846
625	12232258708776874709
626	01510660639822679331
627	02475111546726544071
628	13464082433955636018
629	14431921237421862368
630	09259320906873088456
631	06933205458451905770
632	07352960240301415828
633	04753982047210150816
634	18355720414742750489
635	01757753050971361358
636	15084943383819195607
637	03766479054246423279
638	01073349417221298916
639	08937026417586731728
640	08473231861192558494
641	00455326332235809022
642	08431684439862342492
643	07686429114269794236
644	08742516335252570925
645	16362367395857925335
646	18125830511787677741
647	09387633242860030572
648	01574160370423824668
649	15404068199004130331
650	11366882992777973108
651	13583545561467333725
652	11825651558684369036
653	09230230916302447465
654	10257905375540165293
655	13912145539980234823
656	16027080094218242168
657	09596182982282667283
658	17258767482591087857
659	06772312190283582715
660	05259408147603912646
661	18077257805443547599
662	03216283823473826179
663	14924890692863939184
664	07594058112630556072
665	09544767980560370856
666	11030108226914632390
667	14310224430611935231
668	18254770347942932685
669	07186589911158458337
670	07773343004860542811
671	10342754594532862924
672	13966848081465525766
673	17542393859113257943
674	01265736172106767468
675	08017675622999512759
676	00160607911473948123
677	16710541776505310960
678	05512758895168590422
679	03901045362459000066
680	04460286227454676253
681	11396752883491126254
682	15531633643770834804
683	06283815137671599947
684	02206768637549014466
685	08341467627622058617
686	14485565821217123612
687	17642988568373596337
688	15122855020146917896
689	09063281183181768595
690	05930735415420835653
691	02110541533318346790
692	17071913648506716825
693	15020928989028680345
694	07041873092093966778
695	07780414185951165689
696	13578036715361113742
697	00990173542906621880
698	09467812180559536636
699	14799816874999314953
700	10271448422146102929
701	10396433613356682588
702	17732973195725473044
703	13933658289957262808
704	04732435583469631707
705	05605607056560476285
706	00869847565993210758
707	17409175184510683151
708	03364468985244830033
709	15031175588017639124
710	11126630004250834194
711	15325056328196030144
712	10354925976622401907
713	17505698981792892971
714	00142815852885729353
715	02408111329597365386
716	03844989654898215161
717	17842698193669114887
718	03556492138856069644
719	10703228632036909621
720	16057498905636296229
721	00184441514981695499
722	10499167046689424097
723	00601809175526315308
724	01979751390398134882
725	13670323606330163829
726	13071865603687723371
727	04400440963989990104
728	02145664004001665902
729	14500315971161451921
730	08718412005999970583
731	14372858443582894293
732	13781537342012828859
733	07291100463495682750
734	14135715945368311550
735	10445392530669724077
736	03299544587796667952
737	14059228827876414858
738	00072199833712396467
739	00495169165209737151
740	06613699753959591759
741	05204584831185000713
742	09530164011589933240
743	10119720912101765811
744	12192473234205774455
745	09875980644174686736
746	10051474961167946822
747	05826914424875682827
748	01347016882182330281
749	07211343476735476899
750	11050721907042246313
751	05773293672000413702
752	13474648433586538287
753	13246209805319264623
754	09263231523980501800
755	11785691956425721963
756	06204381849020071795
757	02321903556106053862
758	07943434226293086522
759	10963266863576775471
760	10071298411397459768
761	04456119311240675049
762	02850979635029630335
763	10046966054786784041
764	08646864383673272877
765	17221206547189838936
766	04563069064561320415
767	00149180667392876526
768	01143309255208181311
769	08700927371765847310
770	16902720014687256807
771	04944101137723638289
772	18063668217808885686
773	13785417715890144810
774	05281874525200866285
775	06237104789431797502
776	08978025307943321756
777	09784542939328561784
778	05110990845373192887
779	02585498337844616563
780	08998998308883168575
781	17711749209875820623
782	14157534718995268815
783	07293096119027297887
784	07762869022782259418
785	01464516304058674365
786	10374170752095102675
787	09196779416499290994
788	08074166829838740833
789	13949593003309505408
790	10346200337184518892
791	10784013478886697843
792	08393669981260101478
793	16182982895736786197
794	05519843752218000486
795	06137043634271203365
796	01500746676014260392
797	17205733162667772050
798	07000585542493838964
799	09306694289968003859
800	10915195749442417002
801	13901625517939069024
802	07604885803397028351
803	12971694902824707495
804	07470728782536387721
805	16618504743427567525
806	11062372314201487860
807	12530712666900209872
808	06617847421033489945
809	11581087565943455600
810	06757157863239236944
811	08288851512147976547
812	05401445771566341271
813	17124579126665520727
814	16665936718858963450
815	04656917655153230560
816	06500734981251257610
817	08245458997182041122
818	17777934806550461333
819	18121186048417019409
820	14607265038400407953
821	03464544708930593086
822	17391560270723021618
823	14147422451218382040
824	06897127381482687078
825	17207376864022697038
826	11968494199198310653
827	15681339685695278595
828	18191745793505993267
829	14338765297416988290
830	11276529853564419297
831	02950687781158743541
832	02499538229970096002
833	07443021050164807279
834	08326876831157272200
835	00602748886715481812
836	05799811125947258490
837	02256315039208047880
838	08139549712850629588
839	13768849119373417667
840	12202457468687178513
841	04927938369678350677
842	10542961054922090900
843	09285301146374409314
844	01407896088254201378
845	08746748267789848645
846	06591166326818790434
847	12557827601389125603
848	12991378186658699775
849	12463421925182996412
850	17286729810831215681
851	02494783921207667110
852	13439821622472097477
853	14096448754471460160
854	13344928088596458886
855	01831775282272549285
856	02392348489042460431
857	16030526210387455050
858	09309448976955563524
859	07138066977488989987
860	01068085877697491525
861	00052671050480856343
862	03720303165977366892
863	06357461134971292568
864	02186762056041833089
865	01421664086814277422
866	02251405985346373378
867	06237411237245973681
868	05208472340532005629
869	12135752162455045940
870	02986307334794054397
871	08970971125218023224
872	10410475042905870587
873	14088972229073798277
874	15817812936291840164
875	04157641351183429432
876	08001307252688745029
877	02548834816547054034
878	05427992646529433049
879	03546642459530655105
880	05813609377432746390
881	08850477148808230568
882	05198933825759945835
883	07535771938171183038
884	00956376217663170225
885	07813191307952381127
886	18270954952906502443
887	12609249604074887664
888	00059334173967738652
889	17203632092771672296
890	17424540516926400822
891	15679854730065266966
892	10793338977011785274
893	13867970907207561445
894	11013780911184542021
895	04536027848102136693
896	13900040043840741483
897	08880675538842912556
898	16917810252238434692
899	00278074662084086903
900	08455007646925335600
901	09325334825654775013
902	13359556665749725897
903	04479734443375846853
904	13648126839089426466
905	04508530832910533973
906	00503414727696529291
907	06485993514645367781
908	10480438498751783317
909	17058288752374295286
910	08772208260153125065
911	01891864324614032696
912	04032246415565885596
913	11480571225037667162
914	00560360039484455490
915	15268335198150460674
916	00769092920680356308
917	15440997445563841564
918	04566296006986136846
919	03914603090245535213
920	14469730231801383356
921	17811677988275004817
922	00050012071742407405
923	03331009612086515862
924	14877207735551742561
925	18185536793304633738
926	00267109484590445639
927	01288556454231098186
928	15895845255335101418
929	05015211936245764456
930	02857417219484057790
931	08271636403940281702
932	15646858609316720327
933	00296731362848723498
934	00826287340652540320
935	02393018629177530301
936	16300414656800071946
937	05192384510473966551
938	06053953682691390225
939	01011756142828998276
940	15181510378983606229
941	01247884733236637997
942	18349650921425223305
943	07333675190012719569
944	08717996074254205453
945	04902272465058815521
946	09571644040485695412
947	13092014885126695316
948	02416262676534603099
949	05234981788908717075
950	13717945168046999517
951	17020022940124389258
952	17607734546325511982
953	02013367083459875047
954	10488624202327504635
955	00711490335146023262
956	17402427349683833904
957	04701718262614332995
958	06986712742287888097
959	12015595340880406651
960	02848539217641115510
961	18003087257015939243
962	15616256217431076120
963	16751935054338174553
964	09797225368845540807
965	17159833391718388333
966	04852267564666774525
967	01099959896908067031
968	13291954376707532996
969	04236571106825942049
970	05324023541387382949
971	08351916261156934517
972	11323348685498479791
973	00267659560513147010
974	03713583751971804388
975	02013306699692108908
976	08530458945622899950
977	15903414653236704898
978	11558660650567562060
979	10066197805881795581
980	09092654920727014473
981	03201919633780545094
982	08964243293276190287
983	12578728072296964601
984	12210146885662859682
985	12111471283492752010
986	15251344592780150289
987	11063411668492623067
988	17246505285147852632
989	16555183003858142936
990	04190296415846777299
991	08709584260685445907
992	16514556103643934167
993	13708296361985331355
994	12330096748433334947
995	15353865814704409212
996	12742719263647109295
997	06313784403747649613
998	15315279086468989542
999	17620804178052196158
