000	0875574576
001	1453390500
002	2580243407
003	3652171520
004	4117389105
005	1099421135
006	2391158410
007	4272620165
008	1593405101
009	0826610212
010	3397707788
011	3759508461
012	1053582760
013	1237945834
014	1738325211
015	1268875278
016	2674746170
017	0394665216
018	1113079078
019	0939671997
020	1867814536
021	3254773692
022	1754841124
023	2874010191
024	2144550569
025	1784566415
026	3309887946
027	3944680701
028	2777273022
029	0643895518
030	0309579014
031	3948798951
032	3410126929
033	2408041864
034	1138109530
035	1508861860
036	3580052731
037	1142131712
038	3890718866
039	3502093190
040	0518713083
041	0293978455
042	0116107048
043	0900553144
044	0096993579
045	3433751497
046	1005833028
047	0011735050
048	2164727782
049	0818797938
050	0144144301
051	4008574041
052	0565739358
053	4021006230
054	3515693254
055	1414734225
056	1948705593
057	0257879244
058	2837938437
059	2803012574
060	1375385368
061	0833784623
062	2301717675
063	1025783812
064	4228372501
065	2437888032
066	1179010690
067	2468054388
068	2144746714
069	3011815594
070	2245174258
071	1523942812
072	2564586115
073	0004748748
074	3951806800
075	2539789306
076	2274006613
077	2943152887
078	2302287112
079	2032881399
080	1059620335
081	1029301990
082	3784964810
083	1133824488
084	3077386575
085	4061879432
086	0656019364
087	0243141095
088	0230602719
089	2035236956
090	2105185381
091	1735038230
092	1947828740
093	0022792789
094	0327687160
095	2518320299
096	2779944329
097	1710480822
098	0818754512
099	1349183381
100	1089478852
101	1745941642
102	4079104944
103	0160860596
104	3979352430
105	3571976812
106	2987651000
107	1533412619
108	1292659054
109	3070047098
110	0318446865
111	1241379198
112	0329229062
113	1867197177
114	2093399806
115	3607113289
116	3845455178
117	1091407633
118	3741237239
119	4013117322
120	4212597866
121	0028572847
122	2728823231
123	1524919307
124	0743572631
125	1231019114
126	2764778797
127	2023594039
128	1154135302
129	3206371264
130	3212976336
131	3862456703
132	0689684469
133	0912388280
134	0047997282
135	4012317591
136	1929023570
137	4015125401
138	2135341536
139	2393104496
140	1861263228
141	0294844776
142	1961541430
143	2892625059
144	3973377804
145	0619636130
146	3366903052
147	1717244674
148	3767153237
149	0399788484
150	1878177028
151	4134239456
152	3722291070
153	3958598287
154	2611683497
155	0034886831
156	1481637361
157	3653040117
158	3273390318
159	0354218245
160	0360765305
161	1125819248
162	3000407818
163	0848518036
164	1246472713
165	0924461368
166	2450660077
167	0565217267
168	4034881060
169	0651528109
170	2210076880
171	0065615056
172	1511073380
173	4206869059
174	0404671359
175	0044103899
176	2634161287
177	1959481562
178	0165579325
179	3298023296
180	3392840905
181	0022311598
182	1687494604
183	3033299431
184	2192174609
185	3887446310
186	4216219506
187	4148153844
188	1954421246
189	1807538908
190	3547461206
191	2683486997
192	3847156863
193	3032529632
194	2105675891
195	3200810389
196	3033438904
197	0749783428
198	2152568957
199	3750402422
200	2419938027
201	2108215507
202	3889502428
203	1131440862
204	3847723828
205	0175954698
206	0897571711
207	1013398297
208	0127936244
209	4078204834
210	2384240974
211	2998291446
212	0658761657
213	0907841730
214	2221851788
215	1898350478
216	3421945356
217	3663271429
218	3907644990
219	0146369148
220	4266000042
221	2693335772
222	2590379328
223	2844685555
224	2175021256
225	0330614741
226	2934432313
227	0567118493
228	0241264091
229	2147443190
230	2014655290
231	1468211616
232	2550634946
233	0629663949
234	4267971157
235	0844504169
236	2181277125
237	2102611995
238	0783367148
239	1388196326
240	1612651104
241	2088219201
242	2948664508
243	3027477392
244	0839232176
245	2239672542
246	0843190906
247	3908827297
248	0601078135
249	4047703737
250	0681203262
251	1384265684
252	3665195883
253	2577507458
254	2357820075
255	3983591413
256	0989676798
257	4262590443
258	2149209372
259	2533671687
260	4191660341
261	1552396410
262	3275212859
263	1490953076
264	3317443576
265	1982779911
266	2084314057
267	1496686487
268	1559792734
269	1378551521
270	1253827961
271	3906732815
272	3398368881
273	2314340440
274	4183112871
275	2728785437
276	4144299673
277	3222551320
278	3520020242
279	1657182488
280	1448510812
281	2486758620
282	3238990765
283	0219973689
284	0783537360
285	0553025472
286	0767864152
287	3237277011
288	3339357189
289	1761375571
290	3013482472
291	1845395562
292	0536131579
293	0192558466
294	0153223002
295	0087361185
296	1337993238
297	2708644094
298	0415038303
299	0566838910
300	3206325698
301	3614361995
302	2069068214
303	1955118729
304	2520896164
305	3505522232
306	1236899698
307	0024674851
308	1469450769
309	4094202113
310	2331123788
311	3441503629
312	2579909400
313	2335531393
314	3577438199
315	0198809111
316	3205524185
317	3723927699
318	0993698661
319	2533310554
320	2687843498
321	1059922666
322	2146859360
323	1935172955
324	2098624170
325	2276083938
326	1233574010
327	0262485679
328	1201802318
329	4044329030
330	2840769170
331	2824392897
332	3387414178
333	4209150828
334	3872943046
335	1852480207
336	1428443310
337	4063374545
338	0960821188
339	0596898655
340	1682019502
341	2080520542
342	2776050878
343	2889029584
344	2251062846
345	2234257806
346	0690271368
347	3636624318
348	4105449449
349	2039497610
350	0002924419
351	2776833608
352	1410870607
353	1855854989
354	3014181086
355	1377898078
356	1817189300
357	3079453661
358	3859175452
359	0167964107
360	0937145953
361	1651510435
362	0187524591
363	1670747918
364	2156814967
365	1223202115
366	3979440768
367	1540858273
368	0780733928
369	2009795046
370	0312244655
371	0926172551
372	1300212945
373	0161229878
374	3742799170
375	0372291339
376	3574911602
377	1546027015
378	2523170432
379	3639650660
380	0417283612
381	1558610038
382	2740487229
383	3848093660
384	1521456056
385	3300172316
386	1138723492
387	1857430018
388	1645226305
389	0425875358
390	0155980585
391	0648991101
392	4078586717
393	3583016584
394	0226304717
395	3233058155
396	2134372966
397	1121308893
398	3945568635
399	0519781178
400	0633872321
401	0762247251
402	1603889085
403	3240450466
404	2727696946
405	3268058121
406	2176731476
407	1857532339
408	1286132745
409	0239371665
410	3611330276
411	1471338854
412	3394545168
413	3096894418
414	3576479468
415	1377295869
416	3496254463
417	3978622063
418	3060317111
419	4275973149
420	1739188631
421	3532106369
422	4012491431
423	0044668589
424	1748588632
425	3867901259
426	3543695993
427	1846414671
428	0393260013
429	0411592885
430	3525700150
431	4194051309
432	3525104436
433	1832464980
434	3240160387
435	1584055149
436	3420708904
437	3588604958
438	0247492160
439	4104957793
440	3782026996
441	1491276963
442	2866172040
443	0082942397
444	0999521941
445	0838259723
446	3799935942
447	1449311841
448	3724864599
449	1737713325
450	3950765648
451	0451261485
452	0591452983
453	2002527073
454	3562139763
455	2375647658
456	3174756952
457	2530489544
458	1990839585
459	3351685383
460	1630320832
461	3930821516
462	1403698160
463	3007517632
464	1391947020
465	2893551815
466	1237802639
467	2464588859
468	3018402560
469	0660232720
470	3206122667
471	1558331592
472	3121581401
473	0756421935
474	0914563087
475	3842825710
476	2094273381
477	1779919275
478	4241985617
479	3821081230
480	2209024385
481	2198210590
482	3005574657
483	3907724786
484	0168458508
485	2423177639
486	1369207306
487	1419428290
488	3289643824
489	3270919580
490	4194497437
491	3992230049
492	0778524193
493	2577138086
494	0571558079
495	3390657176
496	4289818860
497	0404748236
498	3243268171
499	2734744485
500	1850801779
501	1740953863
502	0569862608
503	2297275254
504	1240385808
505	0235641269
506	4146068808
507	1986270293
508	3459021700
509	0979651562
510	0700264027
511	3397090940
512	0806626773
513	1158425121
514	3232909837
515	1066224589
516	4204194210
517	0235008662
518	0560986993
519	0929187437
520	0325631706
521	2534888308
522	1376551706
523	2830720360
524	1563724193
525	0272479994
526	2577890043
527	0499853216
528	0872130318
529	0212238570
530	1810042415
531	1973364670
532	0866467763
533	1938339591
534	3148004422
535	0311315050
536	4128042077
537	3305550695
538	3574716220
539	3491397093
540	4020110045
541	3205020286
542	0371980624
543	2137155204
544	1662025718
545	1459809385
546	1479932221
547	3469101801
548	2144451780
549	0822673634
550	2073919245
551	0451540744
552	0473887890
553	1309431214
554	3856924416
555	2267076735
556	1916317084
557	0207356535
558	1187071034
559	0688592239
560	0530479459
561	3634946117
562	0616235224
563	2273992395
564	3043045127
565	3303003729
566	2774566583
567	0917059605
568	1595818860
569	0335392448
570	3551191480
571	1597491517
572	1570988818
573	2844894017
574	1661918598
575	1813076382
576	2480857273
577	3044835219
578	2669313846
579	4087312550
580	2042963282
581	2958249756
582	3820128686
583	2536115774
584	3765136013
585	2131533286
586	2648795352
587	2197842995
588	4015192378
589	0876800004
590	2235045209
591	1653390553
592	1824172076
593	3878920104
594	1681352074
595	1767464105
596	0213724269
597	1296964642
598	2263638989
599	2127768476
600	0672188019
601	3109538507
602	0042817286
603	3386582904
604	1320958402
605	0396414144
606	2128234585
607	3810188599
608	3986701324
609	2071326374
610	2122417158
611	2672317841
612	1219491658
613	3822305238
614	3775132008
615	1862094743
616	3576551096
617	1992396903
618	3646734466
619	2459399029
620	0276130931
621	3075436084
622	0327105223
623	3125159356
624	2630913419
625	3437543932
626	3430133767
627	2472713849
628	2836191078
629	0101082657
630	1956878808
631	2817491460
632	4203537912
633	3944534283
634	1356373382
635	2601346213
636	1710033801
637	0476223751
638	2303250022
639	2147646559
640	3705268292
641	1936572594
642	2259878099
643	1118715161
644	2595108413
645	1523283372
646	2895752974
647	1448863796
648	1958956142
649	0835129802
650	0672111337
651	1770237612
652	0493260983
653	0235062661
654	1051876336
655	1650111317
656	3414202336
657	4152189043
658	1444427871
659	3433387874
660	3920723874
661	0643795299
662	3021965538
663	3504789174
664	0172092104
665	3997073399
666	2896093024
667	1626011405
668	1711730631
669	2075984966
670	0052088919
671	2806361390
672	0957381016
673	2365469131
674	3540698744
675	1892895977
676	2145178783
677	3561252245
678	1800676742
679	2893748641
680	0009218066
681	3210755760
682	4050095347
683	1282230002
684	0192252253
685	4281057642
686	0720687248
687	0276437674
688	3735602774
689	0678017428
690	2964138976
691	3211425903
692	2964837588
693	1099080427
694	1389587897
695	0956056161
696	0388735705
697	0597869945
698	3105011483
699	0676493858
700	2262751282
701	1864572095
702	0235753178
703	1675071515
704	2004460276
705	0224583046
706	1638425372
707	2769524106
708	1359025328
709	1160103344
710	2858936131
711	3526671227
712	3786173095
713	1020580110
714	0277977648
715	1353507600
716	3344547795
717	1576710393
718	2296759887
719	2803826242
720	3902192913
721	1710841572
722	4106287618
723	0281394763
724	1145984893
725	1278151799
726	2072110364
727	2006741550
728	2151184014
729	0256342353
730	2121537018
731	2294538284
732	2602098374
733	2999963573
734	2422555726
735	3133262203
736	4154564393
737	3769482857
738	2269017518
739	0877830065
740	2919200965
741	4220954071
742	2372396731
743	2333763526
744	0265116444
745	2348585148
746	0793430267
747	3837189180
748	0310540611
749	4019477160
750	2325440508
751	2306239069
752	1801902999
753	0862958450
754	2657595839
755	0886305522
756	1558759118
757	1721775375
758	1170854740
759	2490348091
760	2469019254
761	3585382818
762	2250880200
763	0730410926
764	1744710310
765	2978345361
766	1983824007
767	0228705685
768	2452592650
769	3297218737
770	3403936655
771	2368076105
772	0184231097
773	0116098166
774	3323823818
775	1915632901
776	2451008804
777	2257260471
778	1652140241
779	1540459274
780	2738594321
781	2442833951
782	2121631876
783	0029168006
784	0495919457
785	1212506269
786	1278731666
787	4135792344
788	2227516491
789	0735529920
790	2419605529
791	1264484902
792	1580318006
793	1308917857
794	3766565908
795	2846618583
796	3212226933
797	1571743209
798	3489861556
799	1532322203
800	1519772172
801	1013729685
802	1047573806
803	2760499492
804	2015222632
805	3340764651
806	3202519960
807	4033749847
808	1186613313
809	1804430505
810	3748471928
811	0755018375
812	0722731328
813	4246711893
814	1691682986
815	2261596038
816	2935758908
817	3042065291
818	1526400658
819	3901253098
820	4203632823
821	3635918658
822	1375566403
823	4265553282
824	3473313796
825	2596297935
826	0831340162
827	0854118675
828	4063246301
829	1179342585
830	0855053154
831	0468451977
832	2017407276
833	1041850806
834	3423756501
835	3555418086
836	2700522990
837	3458203127
838	3771498112
839	0069902330
840	3934675576
841	2712446511
842	0499630984
843	0553148345
844	0854688309
845	0838430089
846	0146786786
847	0553708385
848	0766921607
849	2582717689
850	3616677594
851	1961491184
852	1093837902
853	4047557085
854	2002173620
855	3092472556
856	0244776712
857	1066298306
858	2423217521
859	2710340826
860	2110774161
861	0905154091
862	0104317203
863	4149573412
864	0291498955
865	1113036229
866	2954827167
867	2331092935
868	2565715661
869	3220817081
870	0037246742
871	1207588061
872	0726754630
873	1073214859
874	0691319956
875	1313445896
876	0965757545
877	4169772418
878	0179396889
879	3149966177
880	3996586708
881	3451950236
882	0369538063
883	1461001156
884	1695898798
885	2426581340
886	1171849578
887	1028045265
888	0197953632
889	2454157429
890	2173377661
891	0633046926
892	2241485387
893	4066742614
894	1374145552
895	1254672138
896	0759506519
897	1126867363
898	0314102020
899	1348346182
900	1781465765
901	1111979559
902	1354697030
903	1980628278
904	0175692266
905	1880328863
906	2903395990
907	1074547558
908	4205081787
909	3132564950
910	3849947457
911	4093507140
912	0527610872
913	2511463608
914	1848425211
915	4045708451
916	0609062806
917	2718381025
918	2279151337
919	3125571068
920	2980904260
921	3888834486
922	1552222776
923	3381972127
924	1453175498
925	3470278481
926	4234089855
927	2331512911
928	0469834779
929	3881710687
930	0982671503
931	4062118104
932	2981193844
933	1377893874
934	3037213644
935	4109120187
936	4266262653
937	3330028348
938	4184403978
939	1816203262
940	2922381576
941	0736950126
942	2048001753
943	0732560279
944	2447313788
945	3313288564
946	1812510859
947	3440238398
948	1178308184
949	3775325680
950	3120839386
951	2857429435
952	3695854286
953	3800826052
954	0787375035
955	0246484411
956	0626007622
957	3246651247
958	0200253993
959	4239180325
960	0145314896
961	2790468058
962	1312808050
963	4277682289
964	1957571733
965	4036636099
966	2258515714
967	3458078263
968	0402779680
969	1821380491
970	2697888157
971	3615572156
972	4168840907
973	3575025736
974	0492669890
975	0077843725
976	2535207872
977	0752824582
978	2294437961
979	2362232486
980	4088760992
981	1039945568
982	2355567193
983	4067665405
984	3330243992
985	1724075702
986	3921578646
987	3245394164
988	4168582858
989	3280339462
990	0194600837
991	0927365509
992	3161147416
993	0582737253
994	0067789113
995	0800359373
996	0306492306
997	1709253205
998	3362557036
999	0832442371
