000	00002251799817879552
001	02193899577292271435
002	11289004898722221674
003	04117811128284320159
004	14869677553240302538
005	10230925253366744112
006	11428006869152664482
007	13375883483821458909
008	09914915403352834655
009	00984063409142831537
010	15299822409354021816
011	03569140784122628308
012	11353389656947035126
013	07727392949900141356
014	07435471395968728024
015	14756074672166585758
016	17005467854477584855
017	03860470266313278559
018	07536654795917350512
019	06946618469380796135
020	00820835596834655498
021	13023492432614844131
022	12768279227498084094
023	08849362732261880209
024	13700671610827127763
025	17259840734843100067
026	09906702294224617392
027	10874315990290562649
028	06972219594063949564
029	11475873529688039398
030	02974160588208268417
031	17867816925146646647
032	12758034274822099399
033	15238872485208690115
034	15692167127119515965
035	07070105727914604907
036	08179316052411384185
037	14765781982393119379
038	05170166113118858250
039	00640021727618701170
040	12116950324826087898
041	10724171729976389272
042	18273946762180604004
043	15570748377728266898
044	00389448656095479186
045	11724342092209858676
046	06142621171549181259
047	09874022998223765151
048	02069835306463572398
049	01922638197438764634
050	00514196621410391366
051	03059323554691089160
052	10414976292653594720
053	07045790690577036129
054	06836302638164701244
055	06554622050338183896
056	03984342244307357220
057	02759087337639699384
058	02484575773597815521
059	18350502794491791217
060	00615284971804159685
061	12465367418895181999
062	04982413710353750894
063	04780634205326498440
064	04363940701005033474
065	14275586605990881765
066	14489461645242803357
067	05808428084556472960
068	01739301423712435734
069	03444100113390220711
070	15206191390360666871
071	06040853972295216743
072	11142559415182538844
073	09425667798315520960
074	14774529315160266147
075	12507465686438854299
076	08144378128767202105
077	00833078400284427162
078	01135032347774577865
079	04475378397829361363
080	09002308934549728718
081	01162803956312633432
082	03716182536815903226
083	03472765827433447930
084	07841258901321392752
085	03488061760163830881
086	04473225857781472928
087	13028337496387902529
088	08206417714354529301
089	04374335124960612342
090	10517359710660439068
091	15696109160621602522
092	01228975051560238625
093	09586658249530854319
094	07108360773763332509
095	16309565205222535184
096	14583819527111491030
097	04119163638800682725
098	17264209895075847601
099	10468614717768901822
100	09831430877079739331
101	05829999284418116182
102	08378827866265362517
103	17935780192988010283
104	16198067793217772280
105	18250910409054112958
106	14680462275400022667
107	12907320431300934150
108	13874861811446609982
109	03377635791225251075
110	02347398494242513779
111	01100832115278205381
112	12774166558826997893
113	12477614126065614874
114	12535201557922147481
115	01923287501800918249
116	02478628846350287186
117	01822252420513642985
118	17458641760541838828
119	02659882207802122866
120	11930085785540299227
121	13466214102319817610
122	17579819274880289667
123	05429897294653228932
124	04025642268911259503
125	11073871964868380492
126	02001777932348781772
127	13873832319013409821
128	07247590053513099502
129	05440081184027659832
130	08670931495118645241
131	16140765513661409577
132	03054728666146932779
133	04861384535064479732
134	17241069357701572058
135	04540647579367599985
136	14659053704479923334
137	14530869060615188007
138	00536855425039714488
139	07474333678734022432
140	11718638478897210213
141	16752931504929228381
142	13210208211333264373
143	07924872839150148834
144	07082911182465466327
145	04417705708310902323
146	10491540168687177263
147	06454810650972632497
148	18183769497107423950
149	07112104051876783339
150	06215486898205714564
151	08569787112986261805
152	15099203110757267068
153	13870647568738709821
154	01759558449463572671
155	03957758476847722605
156	12328472691048160490
157	03162612488346042783
158	14693982238389598135
159	11246028941817079833
160	15690221522438430678
161	06159932729652148061
162	07292513163905170939
163	08692507420313435142
164	06541005687503783864
165	05921515521262397060
166	03735143392102539707
167	12213581388164313269
168	09255590493586367742
169	17935054494798069677
170	12404209672989767836
171	17652367866286429993
172	14761480796842680874
173	06006978132834213511
174	16047893928486455056
175	00214551870689199175
176	06771003764916869572
177	18316100818543341688
178	17093396028962268730
179	01198694168794513833
180	08752015402297923548
181	16624233094511110413
182	02958890904993780201
183	11099661921263586246
184	06804272098180837987
185	04583342345766839328
186	08823454832155782438
187	10468899134689045878
188	14428101357584465432
189	10661919342006242261
190	17072231651772795647
191	05629299112534515429
192	07996560824977930226
193	12915324455959298021
194	00422489863304817208
195	02510603128244223621
196	07721664182108190425
197	13779940535285922546
198	14179857103400311923
199	04138488451924543850
200	16458438968020695590
201	14482930771148097987
202	13161295839255617120
203	07034020722092574426
204	11722277770065880657
205	13677017478345414944
206	07878214316574544164
207	03185268540914870204
208	03633509213724281101
209	09551177476742191544
210	16274851338552315875
211	15510383123846093067
212	02630141784491903419
213	09735835759627860161
214	05143177882021318092
215	10063421159677755665
216	14472856042785972443
217	09244488068273613250
218	06313660104115915933
219	08499265526502242479
220	05113791683077369205
221	04719111747706007778
222	10572738218207702110
223	17082495617987030062
224	06793076911578551236
225	04850278631124674389
226	03820916591885306853
227	16134200596727673493
228	17404792951685864036
229	02690321655963895422
230	09089451912833653551
231	10066628305328067841
232	03412276099772186893
233	05979758364196091283
234	18438526919222905511
235	12204181508797243381
236	11049174689024588983
237	13105896391004535647
238	11291779993047991771
239	07500191357620099356
240	03386842047819141160
241	04332650160740259364
242	17064664626529766873
243	12371988642989996911
244	06394535517141481229
245	11970881139783345611
246	03240047079817728335
247	07015024609713706463
248	12702323752260103244
249	12869270684045843458
250	14670353004902038583
251	17029081570265293816
252	13995601719948444850
253	03912801869949701539
254	16676167590160969959
255	03595952417649736566
256	02521109475143309284
257	15654406634155011663
258	13432255116488041905
259	02823406441613807946
260	17499992828520638192
261	07033682025846031379
262	16174585515642180137
263	07527790806665221326
264	11185737833060341028
265	08358245486604663047
266	06972331899521810102
267	07917742881618033835
268	04487422155912293783
269	15662619834507465631
270	04199407162946803701
271	04402200412798235212
272	10187513484897820761
273	11626413626634928213
274	11778593484321682444
275	10485939314688123224
276	16746025431641194648
277	05935703987952086495
278	01695598997480555096
279	09185230959197939883
280	14667985887164326545
281	12370932185868209142
282	17910470298698077383
283	13338210921957177930
284	07013226857993097281
285	18285189891322997065
286	08116500465526800005
287	11000139522556345036
288	08178886378179612312
289	10237041599564823718
290	16500936938228534596
291	00017314297386660286
292	14109807068490217954
293	01860430965840138429
294	18079409737597320356
295	03249264004715072716
296	04013512835396955265
297	05715989556696303490
298	16843403981932939632
299	14645930395612718946
300	05760946114375883686
301	12601248406227728469
302	10479094769153383115
303	02285344733378388945
304	09328388950014691849
305	12152809088735362376
306	02144456708437094921
307	15375251805076498223
308	01100651598714744028
309	07524138596154566663
310	14691388031715648673
311	06746554385036269809
312	10683433388181150429
313	09335671928193756396
314	08053877109599401522
315	02926809088477591380
316	15860837546367471562
317	14984520032012849771
318	00283750457946957398
319	17360042184304093552
320	13614102517153116436
321	09273187399594170943
322	08722324305336137779
323	16043403110492934313
324	02901929457115305894
325	09330820912274956891
326	08482405972814563466
327	01626565695381549550
328	02404374113296084372
329	08826971797122099168
330	15718415316650934280
331	06291947551865417296
332	04910922218717470247
333	17408120620757457862
334	02822876886813536806
335	15256109699162862023
336	06459241427824420233
337	06769316747468466560
338	09169902226155977120
339	04717669693837485021
340	02595812829185953634
341	14518900767091924058
342	05481486996573814492
343	13925896660423602374
344	15498424010165951738
345	16078811711150699099
346	07140650265442250611
347	15084521163956707838
348	10263388697675943814
349	11936658948150159190
350	01582097348823631988
351	14067893886915352481
352	15556990564929862575
353	04029410548741546668
354	15264654413895651907
355	06655370216246401128
356	04496953214944944231
357	09825559842191756959
358	02190478905383959198
359	07597817314809113104
360	12270258110904903127
361	03462575248801305685
362	00128341745986004762
363	05403081642623386840
364	12622635967652930802
365	03401737520734403999
366	15276727502540224592
367	07556138190632928538
368	06912191753086392294
369	15339132521099729039
370	08801406766804048739
371	03621280691114592264
372	10782273062238180552
373	10017199638881888796
374	01588266179347046448
375	07963426452956533092
376	09890958582109244599
377	15459105522614966581
378	00014946524896648382
379	04339111400930052369
380	05891050929275668228
381	13684982088311638085
382	07726003423675069930
383	15879661285544605848
384	03909810937716818762
385	08999596791006683103
386	17412884810235656123
387	13762968116206493154
388	02878381633095729729
389	05773098751144619924
390	03297275070835786437
391	06962558825419365673
392	04081432306450487976
393	05378236024629792030
394	12794667772870455069
395	04292551482663763909
396	01707059394248921021
397	15336468188749599569
398	16437259133231155074
399	15147732829092106886
400	17867485586727544045
401	07584592898751203370
402	14320888745540771010
403	09364879579594246866
404	16697356310959660081
405	10259906744818478403
406	13088960469334961853
407	13372692439774608361
408	12573054091222031129
409	00414318199495596013
410	00055396742043766752
411	15890048378058677626
412	00042071178893059068
413	13154984365627829972
414	07347967609439656927
415	16926216527374539493
416	02329963241612501589
417	00168852749439692758
418	11517599620654195858
419	13451171500615946408
420	02427050011841123487
421	17884129361510510992
422	01169430801393137239
423	01023752159695324158
424	06022040879922506877
425	05272862526458087543
426	02593033050569265709
427	01249877856501820326
428	12185542266990913055
429	00060229132816546104
430	16494676606676548709
431	08130651970115662288
432	13093228215211494721
433	04478304999015485808
434	16371910838115447223
435	07172856701225144285
436	03562845115931766011
437	16028443997397226699
438	04516591916122546795
439	07526835938677602862
440	10300625158134597783
441	06545137592440544120
442	14176688576573271266
443	09947259292015694560
444	08722976896680709375
445	16086129147385453821
446	08804588226238531133
447	18413903439710006765
448	09770873040714010241
449	18334050313644878385
450	06429938517847314302
451	18168490702606192408
452	16931397504217623966
453	03517358620637819191
454	15496315439698869166
455	15762875067797902019
456	10301061509272294518
457	12526896277444505794
458	09217254846499224004
459	07574409648375987509
460	01892118187906778351
461	00256732729792627164
462	08016905178930004807
463	17997177367786282649
464	05528092185918017910
465	01469091664302486165
466	14122363116290805168
467	14390992758344382527
468	16723298981099283033
469	01302021316160985207
470	02281740538004224857
471	13878224112775544692
472	03128255561905238499
473	04514423624014110190
474	07688379386867956524
475	18395404825689994557
476	17632538902412843494
477	03057780686266267430
478	15805151760835514761
479	02695407355196362733
480	12042199951438054042
481	09458961357427254018
482	04436139379832711360
483	03032378234308964719
484	15008698823945621161
485	10015578176091605451
486	14969264627292908047
487	06844086737792363926
488	06365643759654348866
489	11881623099657708983
490	02750492898106111987
491	14565517218931551829
492	01810360133024751744
493	06255753765409385191
494	15503218022354144557
495	08848370514466952766
496	16128530362107192162
497	13451055961651511228
498	01294515657252365739
499	00060651772692977518
500	07783182738250197202
501	14447622432371785420
502	11567371155374971461
503	02074943617673852485
504	04363422010193193543
505	07922087483885065036
506	07999311172489308904
507	09647851985535165844
508	14443993875058962670
509	01012554265717089172
510	05155922192323802890
511	14905366490036976680
512	10038841971424625211
513	02358234941981114984
514	04440253563151268795
515	15259670216697086238
516	09998116192196980706
517	07620119716587445407
518	02904726908792956225
519	10585608172853549054
520	17407757224399523290
521	07635556039855189976
522	05924832726263025243
523	04858223715947493110
524	04677827220113577998
525	06756554894977300958
526	17657864029094647904
527	14842734935415277918
528	08867432576219673354
529	03315216679297794648
530	08171881099976081858
531	11402110190137436845
532	00979894431004473524
533	14998637191504582370
534	08727249721013971712
535	02812242852018255844
536	07333005643874279785
537	03051920153568513052
538	10951524984338571893
539	15516733761086768316
540	17250400037483521217
541	09103898872870014697
542	14154360734524753219
543	15834831416468333010
544	14930495436284715993
545	16056956695872707829
546	14294358562916966553
547	12544923272601549642
548	09042241685031465407
549	10450651299068593096
550	18028075201817498232
551	16365791363946351731
552	16680186325058438767
553	02075252160504132217
554	16327258028144705410
555	09548446675293253748
556	02567933307815635883
557	02564972315657229711
558	12201861536993026912
559	09215882935096161821
560	17603444357634122197
561	09883337903036289725
562	02474232565446332278
563	07184988146513375944
564	04276017905817273532
565	03171998792507969687
566	09143767972945941405
567	01950485336108279725
568	15559267431394743749
569	10573565919206569868
570	09030303010406765861
571	11007445246375814480
572	08439963729542530078
573	08257494848999535795
574	08938899219683686655
575	01668157073180452141
576	14450133607759877411
577	18165325739396824723
578	09805263981293812452
579	16143851500853128797
580	05178012459182685091
581	09713650268186500202
582	12817251769243825358
583	01524377437537303762
584	11510502210886261476
585	01605565988844142011
586	11082099350448626624
587	16747825528568902320
588	08755477539998637629
589	08217280061186459797
590	12276984705830531123
591	17082693318255915983
592	02100167875758542803
593	17061033507700184174
594	06154441556917658365
595	18428264780643281498
596	00360068955913998353
597	01495751246607570587
598	16530878264460163659
599	17228946352014505814
600	18176782741383910047
601	16052078220696163692
602	01984487488693863589
603	11933620379361265745
604	14471884377340801993
605	06431726668519271702
606	11922602799318569421
607	04027402083975219921
608	08120965952032161361
609	01941060324764873144
610	17891944330816449688
611	12414342509550291565
612	12326795240960496904
613	14348969438796838091
614	14820883028997590996
615	12138050223832701725
616	06480794385630594169
617	15063828896243338046
618	14450933848195684309
619	11683085525520649961
620	06971156845486944934
621	13570775417247022335
622	07012194338419364769
623	14028472209801275526
624	17501274995610586489
625	06971495731751364063
626	17789792896213200670
627	09090675924690488284
628	08241727744342589429
629	03619003450651699161
630	08071504222498823828
631	13053464947040410634
632	13214774959221324245
633	03498049644867260272
634	05230823334850535090
635	14299227058832297853
636	10912233516139849328
637	13012838325015031633
638	00764958219579040957
639	00668009866159481055
640	04353013263091783837
641	02260339106933617321
642	13565952255723947426
643	16827704324460424606
644	17228673230505551137
645	12422507662881863017
646	13187331013679621989
647	12599106302874309348
648	08291053582052960748
649	07426202769178977920
650	14555321023892291410
651	11702101748444383473
652	14197258308599778558
653	08372235818472082051
654	16208185182214104019
655	01018088561414337793
656	13842477451452380617
657	16037896864917336478
658	16865683760225386842
659	03422237316145592830
660	18072389125058615497
661	13432038789111572144
662	09969132135605860315
663	14362041934869537195
664	12757398905422103920
665	11387159479167105986
666	14199492564337456904
667	07090531163176362096
668	10894139620183636883
669	15221258465240895926
670	07401570381527330850
671	10281325335943311309
672	02154932989324485642
673	17092573827646778067
674	11481887755752112599
675	07241277922083082339
676	15059523715910535382
677	13765815598144653448
678	07255603259562211189
679	14657172835531370170
680	10634061112034133493
681	18405358480602118073
682	11887479160716052698
683	00185624043651610561
684	03825487996437261175
685	12275196427306051968
686	03973019057648062142
687	00331510310015425018
688	07934673075088560862
689	17332810419645999267
690	00798545250630515634
691	02211934642854966232
692	09148115035641645623
693	11361112543381196918
694	11686109229979212031
695	00177889646596117269
696	10279002880732308334
697	16518317103087071620
698	05353588056582146684
699	11425094488613945064
700	06605896996438319468
701	00255447364215329424
702	14391991545036463987
703	11432969278485508403
704	10204178431092128957
705	04946906823966224167
706	16052759008979264296
707	15830783634865546847
708	14068493221097340891
709	07856693518388721477
710	17732090642396798775
711	03790108203468716743
712	02281422458663652879
713	05532168848077827889
714	09545672292178563033
715	03698006020142201687
716	07010380473865047140
717	11807406051322824575
718	14184625601640531738
719	00721664318826554218
720	08362299940587900104
721	16856910348080812111
722	18324906397937076959
723	06483851674361422377
724	08687011922995975577
725	13964508837541249198
726	00447997222127968117
727	07734847424404779197
728	03141713916069858277
729	15444594180703344468
730	17096816486681795345
731	00959609950208728882
732	13460387000551820756
733	05900635531748811747
734	16395167154659990059
735	15071842500534025968
736	06056915779350994629
737	14560518836943261733
738	09948024636788660347
739	04911251442827192649
740	10533968045612739482
741	02575477255305104042
742	12892128775573610103
743	00069669783187401793
744	12650037639226643701
745	11037876332725827820
746	07353530386544213393
747	14248043159136042564
748	04096937839158751408
749	02173190828801798732
750	02632439836447598899
751	13646504258486804489
752	00101955223358354480
753	02582473968111508001
754	14331770710030531971
755	13086932800509147456
756	12771144314287455496
757	08675674081972149247
758	03999989745894086589
759	17068655438301118177
760	00189966334576997518
761	08256442607823635001
762	16060119254865795174
763	17302147620493429922
764	15829570015963110392
765	10935002577055093595
766	17312902373855746311
767	14337509134774308313
768	10146807145414804063
769	15089992024643938234
770	01869250325171118028
771	03375684410117212316
772	09399782616384146533
773	13318219771888114538
774	16904665589086417604
775	03011284151908379701
776	18187742691322320666
777	12656796852458815520
778	13671140250513683011
779	04424071018744426772
780	03571907844641841860
781	11787917634026884184
782	17954630286714990378
783	06951192377916811282
784	04297160883253298587
785	12898287111612287647
786	12631853896242438928
787	04204475053092113873
788	09843976847062159411
789	06628588103428199088
790	07632734607339830696
791	06048085021190977221
792	13955796277095029498
793	09788324123043138772
794	02006748316831881514
795	17094851666994651222
796	04123860633253669847
797	07867068761722079256
798	11597950340805302580
799	10677291918434728080
800	09179682335387930323
801	07320884283281172240
802	15305228143946793269
803	06004455115255134506
804	17687136089486412740
805	05622425697758537660
806	14587782920469893196
807	09397002318126331344
808	14443421078901479738
809	16244000269425002398
810	10828590300093414559
811	12780513799285661901
812	13308881763583285308
813	10488017081540814911
814	04616764359797206723
815	16767454621681921034
816	15711490815810797494
817	10198742156774179636
818	06697458867012350762
819	00499294541766225149
820	09567734148931288646
821	05329149362542829043
822	16288662385419169978
823	03476558264842920287
824	06342500432472809151
825	06603975498387970436
826	14830246640361265296
827	08006364778425103900
828	15621855832698361210
829	05340225565030531791
830	16853394319537690426
831	05572144477588682807
832	02118341801637614124
833	05902263113052660557
834	09973665333931052884
835	11672613789168658918
836	02072188829090790634
837	08248710666210572758
838	09185635833464678529
839	00063728575145344140
840	09186017228960762521
841	05444674569387958855
842	01396309235666038660
843	03429480594369794799
844	17899115980283868550
845	11207147168086540930
846	16806463597797772835
847	04751778563512594654
848	16669653562868619873
849	16005819886386945688
850	11206335160746569042
851	14987583649390400979
852	09543434213764953596
853	11772978522161792727
854	00952429554959576231
855	13768053098775652103
856	03974514474539278913
857	00781828525027363004
858	08635742946457682956
859	17168968000757059487
860	07759715802147905590
861	17676470520438214007
862	14672812632199265740
863	12322692138772795109
864	14727627627794948272
865	01690633410425291443
866	12933468114958194455
867	01011559357273681849
868	04714770883795605146
869	16131211977609836655
870	07342563028057858776
871	15728965222095135977
872	15747288348436435589
873	14733059975222811218
874	14545940775179873972
875	17366736011698928866
876	09910234286190469430
877	11311609247829166019
878	00650261872570312426
879	00756746114303373619
880	10074810413501434063
881	08121081661840035605
882	12400472290971146003
883	12607886521012221800
884	06072075827115839408
885	02890307414658762037
886	01755651962099519376
887	05101722953635815862
888	03665148017222148266
889	11836721971482386963
890	00041929992657344953
891	16654092771678437793
892	13134572229945269467
893	04952053532692252093
894	01045146059851045247
895	00189040106954903731
896	06635172611819167533
897	12665874606442400459
898	09329842661321606717
899	04553600386176815182
900	12259606265978251675
901	11222407729808008794
902	14039029823834945228
903	05580975782641520556
904	12830282314714914525
905	04909475106982018131
906	11665165497847845637
907	02099782466004953417
908	04187102163565915255
909	12931332218474583378
910	18034208903537764583
911	16513466333225179624
912	17385101980053845590
913	03965233982540952864
914	15055905932083938126
915	09071765490041879618
916	06370984660277767430
917	07457769347730501939
918	07931979678460914293
919	09246499320332652059
920	06664122132053762959
921	04083843461076474955
922	01270132206061044302
923	00582974876799431083
924	06925064031692071542
925	06778288306831406079
926	02838145658651131566
927	04155184482122263768
928	14313309356768932522
929	13060499957716799596
930	05507016603660305176
931	07151783133685133465
932	16295147110340512847
933	07866802546543633556
934	09727820334254078159
935	10303308897225516147
936	11061153807613284912
937	03700474405101476755
938	05858151298464644670
939	04147398436284369051
940	09861358928943187825
941	06799913437356203761
942	03693413431516936856
943	09090362693135462655
944	00230574805470986084
945	06338699913463634469
946	11082861978755587838
947	18388431423800233309
948	05652111546297684271
949	18326129175476844403
950	03890429237405888202
951	05693022809983035909
952	08480463422541348693
953	17858520482211606219
954	11575130159926059927
955	10047391386359208416
956	10893292242194219661
957	11176769906931349613
958	17209672222237196318
959	11782286613818875766
960	09052209372144854443
961	13778612927085207812
962	04576126426680325545
963	13290953986304158369
964	18215122650535901173
965	13442583719295074877
966	11490277452388681907
967	10591292003366114047
968	11871106916592901089
969	16090182052909365860
970	06835890491745868352
971	05597100057959627398
972	09314356921695628069
973	05200727640744967524
974	16702227033394069543
975	13817080200872370251
976	10206866332379316085
977	13049001452055417604
978	15716931563991914906
979	04833718575759150655
980	09135614339555438658
981	06939807065496147415
982	09826442755692132668
983	00976879443530985719
984	15057124043134241213
985	10084165704437956761
986	09271077031182400878
987	06008020537963249635
988	02789582947066399154
989	15274379094489470049
990	15006919722586389887
991	09012201345075128957
992	01320291241934987683
993	08661448793801631757
994	13831799929442874917
995	14976350779422733504
996	05466533169935245918
997	10913191612294044285
998	07476957409766291708
999	12491329641120984459
