000	0000000001
001	0268476417
002	1157628417
003	1158709409
004	0269814307
005	0672445067
006	2022772137
007	1505329467
008	0056940020
009	2505480473
010	2338593315
011	0926547507
012	3319372364
013	3323093252
014	3627820061
015	2308876866
016	1052918825
017	3653394186
018	0959370779
019	0001787885
020	0019518366
021	1011060275
022	2851948785
023	3030608000
024	1537180761
025	3556602323
026	3932106544
027	2614044908
028	0890247045
029	1641688181
030	1803230815
031	1974696455
032	3511457662
033	4176803503
034	4110329279
035	2323961243
036	3472342400
037	3923124515
038	0102717402
039	3694158248
040	1422920106
041	3830014808
042	3414591305
043	3457198846
044	1491306329
045	1906717533
046	1401964731
047	3631941112
048	2483640730
049	2621031943
050	0516224123
051	1784992862
052	1190915113
053	1404424598
054	1529734485
055	2093758102
056	3218213785
057	1422251209
058	2947482599
059	2916402190
060	3121028772
061	2163552845
062	1714749715
063	1192952344
064	0797053364
065	1040426862
066	1810022937
067	3460660169
068	1419242327
069	0103407529
070	1300193607
071	1235341804
072	1200449570
073	1144675686
074	1119885997
075	2359695975
076	0555998610
077	2197598426
078	3920853673
079	2315983322
080	4287704386
081	1511391326
082	1555402064
083	0284195807
084	3582366746
085	3972650904
086	2289581189
087	3796917105
088	4006154222
089	2601429108
090	1236930420
091	1308330846
092	0370890006
093	2837228362
094	3335386480
095	2630043969
096	2083591092
097	2148285591
098	1748164440
099	3498297012
100	0555356830
101	2463425338
102	3699516515
103	2621180004
104	1582204668
105	0776683956
106	3073958538
107	1358362430
108	0906653750
109	1041534000
110	3262012409
111	3064594289
112	1152293842
113	3754463288
114	0916485855
115	4245326562
116	3794934985
117	0396717084
118	3802214671
119	2636591951
120	0205188840
121	3001697819
122	1471077135
123	0846953832
124	1947718531
125	1950348464
126	1381741028
127	3045893079
128	0140530476
129	3943879214
130	0336972421
131	0861322279
132	4092931662
133	0882165072
134	3852014415
135	2410352823
136	0780732009
137	0518103371
138	1088377903
139	3671843074
140	1606709887
141	0752286394
142	0305972090
143	1769621075
144	0989181579
145	3295154329
146	1873367972
147	3178819914
148	1394663650
149	0209880956
150	3368560970
151	1245450170
152	1592044127
153	1550528392
154	0540586821
155	0845580397
156	1334270424
157	2709457798
158	3050269569
159	3947915230
160	0229528587
161	1826707356
162	1012429973
163	1412615664
164	1746389814
165	0817251214
166	0120684525
167	1292454795
168	1755552183
169	2712401021
170	3268656111
171	3039953208
172	1221360562
173	3951941743
174	1486327855
175	3089180006
176	1226681120
177	0385340700
178	4258210614
179	3998805986
180	2562512432
181	1778145037
182	0542901891
183	3152983749
184	2098798686
185	1064914135
186	3308300198
187	3597012804
188	1439630467
189	0709443116
190	1375320298
191	0053005208
192	4177610421
193	0385388126
194	2714815943
195	2157048307
196	1509805732
197	2138128048
198	3520500451
199	2048520998
200	3438350616
201	3723159153
202	3260352227
203	3378173863
204	2895543920
205	1152798684
206	1240500602
207	2857723157
208	3854616174
209	1098479848
210	1233735642
211	2139340771
212	3851541468
213	3300832425
214	3707084220
215	2051844637
216	1371700634
217	2267034274
218	2558013976
219	0549059845
220	3059602057
221	1984656527
222	1420531938
223	3257617209
224	3020144287
225	3698048887
226	0786401973
227	2100413809
228	2789263294
229	0314956005
230	1071492105
231	4006562087
232	3531778770
233	3544688958
234	0459766286
235	2485665821
236	1261415944
237	3327226239
238	2598298944
239	0625690235
240	1306034361
241	2598407774
242	0248417227
243	0499090448
244	0343601806
245	3253114779
246	3961355793
247	4229988350
248	0282543633
249	1964546587
250	2193672502
251	3112486085
252	0456782923
253	1727596179
254	3840427398
255	2509108138
256	2027136598
257	3157549146
258	2887628869
259	2448594383
260	1232999530
261	0054170003
262	1032018199
263	2676101703
264	2476448930
265	0912075941
266	1902724417
267	4245801377
268	0033295283
269	2507222006
270	1777808369
271	0630445109
272	4073380799
273	0504229729
274	1823022737
275	3287095596
276	0879536456
277	1571879402
278	2396756140
279	3471566411
280	3717193562
281	1615891560
282	2879304838
283	1477364225
284	3558714022
285	3427293698
286	4224416134
287	1829139451
288	0039502407
289	1572147022
290	2766975328
291	1723901952
292	0993038816
293	1807713638
294	0526682351
295	0428912595
296	1754909158
297	3242139956
298	4240815032
299	0029497057
300	1219041134
301	0459465292
302	3888628185
303	1760521767
304	1668467890
305	1912902080
306	2429805022
307	3342686122
308	2104435022
309	3484429805
310	1048078571
311	3150549337
312	4080465320
313	3694617449
314	0502815556
315	2123812876
316	0632586823
317	2845882553
318	1564919778
319	3877979455
320	0251495166
321	2960498095
322	1038613583
323	4241653112
324	0555623622
325	2927891973
326	2086084647
327	1582599182
328	1512516580
329	1165980745
330	2871984562
331	4177945662
332	3942563582
333	2367053934
334	2171207907
335	3243901016
336	0556351728
337	2869085291
338	0492428716
339	0025251546
340	0622959351
341	2929422792
342	3362689433
343	3288743095
344	1831820671
345	4187979327
346	1557206291
347	3680913962
348	2478736187
349	2729591511
350	2168018851
351	0451928645
352	2116825366
353	3196456209
354	1986368131
355	0209260697
356	1035741100
357	1154349832
358	3099821790
359	3648070354
360	1929944135
361	1183042567
362	2797613958
363	4049576926
364	0897737036
365	2540133785
366	1563280371
367	0234803546
368	0713947824
369	1307914333
370	2570053026
371	2922125167
372	3695599887
373	3573123388
374	3627547603
375	3816228981
376	3604818249
377	1806545075
378	0042778222
379	0254162126
380	0028774417
381	1129365963
382	2639662207
383	3184542227
384	2315221210
385	1664093096
386	4278205066
387	2063599266
388	1181776712
389	3875233732
390	1101076805
391	2793998337
392	0845933509
393	4181027916
394	0934659602
395	1872970153
396	0916939362
397	2103496471
398	1781079382
399	3041425815
400	3627009194
401	1791038711
402	2687750360
403	2228141516
404	3645674615
405	1661555094
406	2478716171
407	3940384644
408	2879708434
409	1921910033
410	2351954951
411	3779536336
412	2523539246
413	0364580457
414	2120160338
415	0298392120
416	0858882943
417	0842425040
418	4036959718
419	4179121271
420	2504576444
421	0152996803
422	2610857968
423	0440443456
424	1554687300
425	0413180229
426	0252217089
427	1267869941
428	1230311347
429	1699879906
430	0039110901
431	2313299280
432	3971105780
433	3959787922
434	2708700809
435	3528341976
436	2361668450
437	0833844790
438	2478021004
439	3563383245
440	4293717347
441	1013005379
442	3006452151
443	3416180021
444	0627895465
445	1888686293
446	3460381073
447	1609002280
448	2823205897
449	2876418922
450	0875369573
451	1765506869
452	3908066395
453	1166560742
454	0432712700
455	3395685798
456	1878345807
457	2741259057
458	0354057776
459	1936937822
460	1458675666
461	2476764503
462	4280533586
463	1738195430
464	0817667637
465	2495508360
466	4174955311
467	1225118577
468	0906595012
469	2212956524
470	1053702153
471	1270375662
472	2224785276
473	3403119942
474	4068683769
475	3042952263
476	3431006892
477	2528638150
478	3897000145
479	3458346239
480	1328351521
481	1092345381
482	2340053834
483	1735573699
484	1624358774
485	4249605353
486	3696736002
487	3684393561
488	3137903025
489	3739872686
490	3445382144
491	2037088110
492	1284518957
493	2458267943
494	0689568630
495	2387718221
496	2657668193
497	3492622227
498	3479270780
499	2734884251
500	3247539267
501	1065229519
502	1035567804
503	0264995915
504	0314039274
505	2655874831
506	2025854681
507	4293987284
508	0751002769
509	4060996793
510	1063314420
511	0438563451
512	0877273165
513	2893396076
514	0026228176
515	0470332997
516	0055743269
517	1558780862
518	0229008497
519	3545933029
520	2756003590
521	3423568212
522	3011911494
523	0064382833
524	3746472173
525	2314274116
526	1101910504
527	2910891040
528	3222663202
529	3112472362
530	3320634138
531	2225157213
532	3230582088
533	4236921179
534	0207942539
535	2136300161
536	1547997315
537	2239764393
538	1031599123
539	3238577644
540	1294870838
541	3734089010
542	0660805801
543	1228872338
544	0767496100
545	0948660609
546	3826606940
547	0735004515
548	1616529138
549	0568070832
550	2184233845
551	2373135962
552	3854244358
553	1246108027
554	0395230671
555	1591557588
556	0433340775
557	3845482907
558	1590308248
559	2339053604
560	0078010259
561	3859337401
562	0994348726
563	2808978431
564	0753496566
565	3667472541
566	2347167448
567	3034498502
568	1973203957
569	3537920516
570	2550828372
571	4251085188
572	3900977581
573	3184207605
574	0740977279
575	3154328269
576	2699753312
577	3124168803
578	4190389758
579	2950315331
580	4241435002
581	0723871114
582	3031721536
583	0088308350
584	0766545784
585	4109635927
586	0331532856
587	3174625146
588	1600093969
589	0857376591
590	3366475446
591	3116005257
592	1633496108
593	2750991936
594	4087124824
595	2955289507
596	1217886602
597	2458577497
598	0421342649
599	2505855980
600	4045397116
601	0638212404
602	0452849570
603	1494940710
604	0422231913
605	2462234634
606	0146152171
607	1147412254
608	0434715869
609	2139128804
610	1978741786
611	2107891107
612	3645095592
613	3664210403
614	3195802190
615	3659517012
616	2371509662
617	0966590186
618	1352986058
619	0683658052
620	1073783727
621	3770673557
622	3190081363
623	2094314548
624	3403464989
625	4140714082
626	0872650627
627	2895041786
628	2716381170
629	4008326649
630	0146588115
631	3830376848
632	1139537198
633	0680176521
634	2806101364
635	0791608707
636	2188961228
637	0194456236
638	2149866957
639	4154226691
640	1790616653
641	3013155668
642	2036683565
643	2656443053
644	2534773804
645	0652347108
646	1019426299
647	1713305797
648	3139765318
649	4284860816
650	3003804347
651	1150809493
652	1046907015
653	3773308732
654	0340946619
655	3367608953
656	2197289986
657	3156935353
658	4198485127
659	2500275536
660	4197324038
661	1546537281
662	2229740482
663	3378107277
664	4129589785
665	2880608682
666	0712189417
667	1602822798
668	0342482786
669	3956639904
670	2283906496
671	1096809356
672	2892211355
673	2357274851
674	0663460909
675	1595610666
676	0431802565
677	2498734231
678	3721001065
679	3057723659
680	2470281403
681	1539174702
682	3295232994
683	1457616360
684	1556040134
685	1543852805
686	0847120439
687	3149730187
688	0657128781
689	3355795724
690	0229364510
691	1672816890
692	3279784879
693	1532875435
694	2149532207
695	0593204738
696	2935783119
697	3859484253
698	4045303229
699	3579663337
700	1495059577
701	0109808688
702	2899752886
703	1601391270
704	4277998005
705	2468585424
706	0386396092
707	3885112004
708	3231336609
709	2679975014
710	3264147838
711	2201370414
712	2859490631
713	3607981483
714	1656991991
715	3113343641
716	3745430520
717	3618488280
718	0665784307
719	1077710043
720	0329483272
721	0971912601
722	1246161463
723	3084632503
724	1825424961
725	0304352323
726	2170987925
727	1114353535
728	0500880573
729	3972060955
730	0270978058
731	1036740825
732	1619583153
733	0065142526
734	0743350497
735	2251750600
736	2980073503
737	1296362958
738	1915045296
739	1324329209
740	3513799937
741	3617888489
742	2313362101
743	0222449647
744	2187824560
745	2851976280
746	1116158947
747	0561252638
748	1825380661
749	0546037440
750	2733077353
751	1981576492
752	1006733680
753	3403419623
754	0773540471
755	2210073053
756	2395887773
757	2833537651
758	0913910694
759	3793609248
760	3101674764
761	2007494067
762	1850493115
763	1255168790
764	0475347919
765	4160751193
766	1440045628
767	2888312181
768	3223179574
769	3962481707
770	3520385278
771	3511072027
772	3968947945
773	3433797071
774	2876320454
775	1489022418
776	0684542831
777	4101991359
778	1519716155
779	4151515650
780	0473862171
781	0096409349
782	0084591786
783	2293049957
784	3819642005
785	2122153097
786	3419649151
787	3090451153
788	1985855078
789	1321606830
790	1090525223
791	0781605157
792	2689371132
793	3095499621
794	0837088787
795	3488006528
796	1927498347
797	0141567932
798	3698860543
799	0246001116
800	0590917717
801	0810814156
802	1479070282
803	2614932346
804	4150424995
805	2641512776
806	1172939621
807	3965107111
808	0406406710
809	4292550217
810	2754768960
811	3902047581
812	4104001858
813	0385532569
814	2890876365
815	0657311670
816	1006028891
817	0242178341
818	0546016128
819	2152014717
820	1822331240
821	1504398897
822	2339304967
823	1271282896
824	2971892478
825	3030177216
826	1330496210
827	0196835673
828	1360587537
829	0988605740
830	0940392072
831	2809098598
832	2208306631
833	3686610251
834	1224010689
835	2232361223
836	2582114704
837	2263401082
838	2016628009
839	0593978850
840	1859961359
841	1514002753
842	0636488139
843	2568944559
844	3659937946
845	2788521472
846	2982703738
847	0157019577
848	0252409807
849	0845784886
850	3031950449
851	3088015469
852	0557116012
853	0642856016
854	2596647997
855	0759955996
856	1195529371
857	2498278003
858	3409351456
859	1452679049
860	0804943162
861	3818325396
862	3240526854
863	0936168661
864	3014212606
865	3424399765
866	0275756162
867	0620824573
868	1467983106
869	2041132269
870	0042941303
871	0824322439
872	0232125326
873	2257218140
874	0203395004
875	3310121288
876	3776468218
877	1528553785
878	1315918503
879	1416028346
880	2050024578
881	0759797714
882	4088813579
883	2862556240
884	3484943194
885	1569367219
886	1761755197
887	3646582975
888	2059492121
889	2017874888
890	0928287447
891	3135650256
892	2118321982
893	2056439916
894	2404309411
895	0498439070
896	2918745213
897	0001342150
898	4059888992
899	0192203336
900	1402372950
901	2192048808
902	0588661718
903	2422011488
904	1980035368
905	0717063480
906	4261431349
907	3202192310
908	2790970851
909	2569980816
910	0897838014
911	1326845892
912	3937880243
913	2534451555
914	3322022013
915	1928358907
916	3851498556
917	2848806327
918	3648959498
919	4127552501
920	2812280776
921	0832263163
922	1424006665
923	2314018201
924	1040525494
925	1233921343
926	0486450090
927	0192677871
928	1519788591
929	1483771206
930	2098031018
931	4041425334
932	2117848540
933	0546197020
934	0873511610
935	3603655449
936	2966329037
937	3790866374
938	0447543104
939	3740644706
940	2298397006
941	3292899621
942	3920343445
943	0817225305
944	3599612902
945	3296611102
946	3419770256
947	2721460387
948	1434149554
949	2789162532
950	2392268505
951	1769179263
952	0710730817
953	4181794603
954	3549991545
955	0681497234
956	2268523508
957	2032158416
958	1324154413
959	1249228473
960	2295785704
961	3033350669
962	1789488203
963	1355657179
964	3147218240
965	0697371487
966	2137780002
967	3585945189
968	2875143773
969	0366948503
970	0661989745
971	0645220444
972	3364818915
973	2497608538
974	3505723008
975	3857461138
976	1339088797
977	4276442508
978	0730333094
979	2126304671
980	1203980184
981	0120606720
982	0645682840
983	0751337679
984	2206400167
985	3826282636
986	0684164492
987	3970820535
988	3240501626
989	3036046334
990	3075776442
991	3260435947
992	2682529822
993	3897648493
994	2541037331
995	2633719512
996	3850642760
997	3955365342
998	1774748002
999	0120389008
