000	0000000001
001	1082269761
002	0201397313
003	1854285353
004	1432191013
005	2421789285
006	3847428097
007	3955072625
008	0349788429
009	2591623423
010	0843851054
011	2320250596
012	0932943753
013	2519491302
014	0151143331
015	1413271524
016	3870150523
017	2880842277
018	0105738033
019	3449952687
020	2066929244
021	3361383664
022	2458856889
023	2693954978
024	3645534681
025	1823191930
026	1170832028
027	1520291689
028	1440222903
029	2087908202
030	1615039500
031	0331974676
032	1921424900
033	0712282680
034	1199306012
035	1581762038
036	3931043837
037	0612119890
038	1692654008
039	2415751179
040	2582243371
041	3755168059
042	0606984537
043	1097790635
044	0264266626
045	1211974597
046	4286670850
047	0494938706
048	1106771590
049	2595057915
050	1802466522
051	0060415155
052	3823870922
053	3198666253
054	0224963265
055	3987270612
056	1966460675
057	2348155997
058	1069637397
059	3588077803
060	0212949338
061	0419769704
062	3652549938
063	2725190472
064	2306348926
065	0455145680
066	2926611745
067	0710739067
068	2057420979
069	4158050290
070	3819888365
071	1780717584
072	3310607136
073	3093804182
074	4237729407
075	4227976323
076	3350106074
077	2800968773
078	0376779725
079	2897775338
080	0308281727
081	0051478205
082	3198112512
083	3977948582
084	1227174269
085	0778732639
086	0087205527
087	4286023194
088	2290593686
089	4011689289
090	1494076419
091	4193957723
092	2611344629
093	1070146140
094	0226862872
095	2528668246
096	2495696642
097	4133702940
098	4294134918
099	2389789599
100	0165457608
101	1947706773
102	3633860510
103	3452655745
104	0863424112
105	4038442988
106	1457565587
107	0126675468
108	3729322200
109	1335973689
110	2854419415
111	2104667104
112	0993048247
113	1367972378
114	2505265070
115	2822619825
116	3466802548
117	1734454814
118	3112381122
119	3444366359
120	3401425007
121	3046318319
122	3505511790
123	0941794644
124	3396154654
125	2751424756
126	0506866469
127	0310521395
128	0280282799
129	3031819490
130	3983538091
131	1320526468
132	2291329217
133	4236369232
134	1634831082
135	0812815231
136	2179680665
137	0228448586
138	0321515640
139	0877444504
140	3615376099
141	2622514854
142	2826153963
143	0652071540
144	1309308112
145	2699252793
146	2555559121
147	3817278952
148	2245556723
149	1148442048
150	2086683243
151	0949712943
152	2567939359
153	1348279701
154	0970220270
155	2511647147
156	2610352648
157	1812757932
158	3469774423
159	2511493771
160	2158165246
161	0764233351
162	1271078346
163	1154001265
164	2105754723
165	2306030123
166	4275320479
167	4203993394
168	2595680768
169	3216449508
170	0256182491
171	0488035338
172	1448917794
173	3474098900
174	4277574337
175	0278783924
176	0600158587
177	0326304985
178	0170914960
179	0229019513
180	3216981031
181	4055215007
182	3932145416
183	0328710790
184	1978201203
185	0252074331
186	2818007849
187	3227215791
188	0515365536
189	2248285461
190	3639999599
191	2534992983
192	0588851279
193	3282233823
194	0238828492
195	0220278971
196	3444849690
197	0931582690
198	1770989511
199	2768054344
200	3586637848
201	0212814232
202	2755752203
203	0824627497
204	4047763147
205	1565107174
206	2477066529
207	1040329587
208	2421199845
209	1680632706
210	3978597333
211	1321504690
212	0752265773
213	1779575865
214	1837639201
215	3720650285
216	0071253073
217	3030414953
218	1720945861
219	1847409308
220	3641583593
221	3489980902
222	0971657637
223	0397757510
224	0570292062
225	0071834416
226	3375122182
227	3546226184
228	3868664372
229	3862167920
230	3828495730
231	0485051800
232	3442931971
233	0810595377
234	1923692825
235	1366756651
236	3797010929
237	0412956194
238	0481936590
239	2582004935
240	2898286990
241	4291066557
242	3865246984
243	0223640306
244	0738209415
245	1706520346
246	1942783812
247	1987465034
248	3158847828
249	0293237814
250	0469716318
251	2738365508
252	1458029836
253	2148977030
254	4206773653
255	4107598942
256	1204126246
257	3844751522
258	2938272931
259	3426971802
260	2095223035
261	0982780698
262	0798533004
263	1557231559
264	1730004200
265	2667431265
266	2907391659
267	0265886438
268	2356859219
269	0429789233
270	1988952145
271	3574083089
272	4252080653
273	1969117817
274	3463927949
275	2211722620
276	1767719446
277	0817478930
278	0583387880
279	1314257789
280	3377344459
281	2315657556
282	2191325206
283	1667826790
284	0515772398
285	2384414833
286	1352485537
287	1255340148
288	4244619396
289	4142702085
290	1125410425
291	0498004213
292	2459906132
293	4061436724
294	4222942978
295	0878974588
296	0057065808
297	1465800914
298	2897907939
299	0257932546
300	0083755768
301	1590837501
302	0748190524
303	3660317898
304	1116089923
305	4294890207
306	0345667770
307	1890329291
308	3548424270
309	0574126750
310	0484929003
311	3680025072
312	2633528451
313	2417542314
314	0114991011
315	2000462428
316	2223098904
317	2742602112
318	2233096211
319	0792856675
320	3757372595
321	3973337498
322	2941837241
323	1498062918
324	2220156038
325	0225160399
326	2762975318
327	3792315014
328	1804621635
329	1373685549
330	2085711331
331	0717150200
332	0017781847
333	3022831423
334	2425276801
335	0092902482
336	0244962298
337	1798659805
338	2670666528
339	3748771174
340	0890687372
341	2937618707
342	4091974865
343	1582190008
344	1821425443
345	2830644893
346	2958508464
347	3770123059
348	3038396661
349	3533105460
350	1080232422
351	3891754613
352	0614049241
353	4188455122
354	0844757459
355	1589206752
356	1228248157
357	0841173045
358	1650041829
359	0827148770
360	1956899825
361	2231529574
362	2660543750
363	2459567580
364	4062955223
365	1490076826
366	3890545555
367	1538280788
368	1529018574
369	2404208319
370	3474168802
371	1002243157
372	2856045341
373	0929618891
374	2972817596
375	0171463821
376	0778086244
377	0581779242
378	1911222228
379	3797831435
380	2705477973
381	1238376631
382	2100383030
383	0073835052
384	2371052648
385	1901975712
386	0402606865
387	1760448967
388	0417012900
389	2927821725
390	2329494234
391	4269344479
392	0691774226
393	2118865108
394	2291364725
395	0546711763
396	3099807810
397	3551168098
398	1035733998
399	0961169529
400	3422020265
401	3348465452
402	0937092898
403	1160829548
404	3178340568
405	2773120409
406	0910862130
407	1368506108
408	1602265729
409	1347363716
410	3100761283
411	3980079034
412	0756545381
413	2177540555
414	2496144968
415	3240698884
416	2767910732
417	1789088162
418	0227819393
419	3792492478
420	2972246417
421	4133811218
422	3334699386
423	1253040392
424	1249377482
425	2346934707
426	2776279984
427	0539144935
428	2887167554
429	0672224158
430	2098484921
431	2693066836
432	4019940532
433	0466876269
434	0443689923
435	1461477204
436	2795188970
437	0861535759
438	3236376115
439	2218069167
440	2500308342
441	2502967212
442	4165350611
443	0777383034
444	1387862306
445	2589877136
446	2989374295
447	1550602977
448	0462688772
449	1722235680
450	2792144214
451	4009619884
452	3069698383
453	3268525389
454	0477949303
455	1242278253
456	4054205823
457	2702292533
458	1623898137
459	3321105193
460	0686164351
461	3309337261
462	3182555416
463	2640434426
464	0890726867
465	3189593024
466	0411277671
467	1246898069
468	1602864794
469	3166319511
470	3478995504
471	0683504820
472	1503503197
473	0681307995
474	1968205381
475	0769392601
476	3729301094
477	3819656922
478	0093124343
479	0600879834
480	1671357759
481	1613592373
482	0174080155
483	3854812890
484	2945234903
485	1307884408
486	1664257038
487	3153734294
488	2647898947
489	2256841973
490	4007934188
491	0537938845
492	1571105866
493	4109907090
494	2071502971
495	2757701627
496	1743458148
497	3103752314
498	0932520442
499	0218051897
500	3484067091
501	3272397977
502	0600623984
503	0907775718
504	1405010043
505	1724957499
506	2763050109
507	3037663909
508	0544540096
509	3361382347
510	4043094068
511	1539165252
512	2789811932
513	3400893329
514	2745052374
515	0651617551
516	0965339909
517	2076613011
518	4251258976
519	3277308480
520	3202481604
521	0640012095
522	0809479009
523	1748446327
524	1065140207
525	3983564112
526	4207143402
527	2139313337
528	3885915216
529	4087117032
530	2851698177
531	1735206061
532	3073865124
533	0128905807
534	3967999083
535	1179099923
536	0376146069
537	0339729092
538	2623247473
539	2369396505
540	2877984103
541	3299353021
542	4267884222
543	3663729731
544	1913627819
545	0735310114
546	1239178816
547	1550350076
548	0674273553
549	1403165795
550	0219718043
551	0925472280
552	1166623540
553	1213209778
554	1397215243
555	1791114603
556	2056750033
557	3302258838
558	3332322791
559	1694208588
560	1582265960
561	3974853252
562	2138867041
563	0978912299
564	0456121571
565	2990988186
566	1455288493
567	0291569676
568	3474604300
569	1294579342
570	3116992099
571	3947490735
572	0372897204
573	3965741919
574	1515953225
575	3286440241
576	3842159427
577	4089841381
578	1579979688
579	2833195151
580	3897253134
581	0679823412
582	0902352804
583	2115123003
584	1840168341
585	1580475822
586	0134145637
587	2874548969
588	3054310636
589	0389264837
590	2559837166
591	0671748201
592	2831236617
593	3295944245
594	0934271817
595	2317448895
596	3365632914
597	0560785893
598	1942284662
599	4185914660
600	3245001694
601	3769838025
602	2838830554
603	3596173665
604	3671034787
605	2131008628
606	1103824972
607	1480265052
608	1735371846
609	3707675294
610	1644836955
611	1990023915
612	4048009886
613	0785273451
614	0223622159
615	3414982567
616	1270902424
617	2484422725
618	2622346133
619	1922502002
620	0198131688
621	2193906583
622	1785059040
623	0360883533
624	2636600135
625	1508060193
626	1752023609
627	1014020093
628	2843609554
629	1175896385
630	0335846531
631	1617941882
632	0055907408
633	0476883576
634	2791959852
635	2098722294
636	1066690461
637	1915029522
638	0461702786
639	4131253263
640	2567271447
641	2442566463
642	1474730441
643	2460092090
644	2579475511
645	1203715759
646	3641576210
647	0458527620
648	1735416739
649	0762590164
650	3510546099
651	1589452590
652	1333948048
653	0818859597
654	0536305809
655	3626142224
656	3631893252
657	3743219346
658	0764486639
659	1060051560
660	1835195996
661	1493437664
662	0517684473
663	1345754304
664	2222574057
665	0071983162
666	2586425978
667	3005233038
668	2792903777
669	1589615753
670	2274681328
671	2784736307
672	0132984731
673	0626160388
674	2216728290
675	2572103503
676	0301826769
677	3586977172
678	3228602703
679	1722270637
680	2604386154
681	1725508196
682	2540863792
683	3166578738
684	2827950306
685	1034059347
686	1951583855
687	0060952627
688	2927704275
689	3628887650
690	2237083198
691	2140524514
692	1713331453
693	0076807428
694	2688097278
695	3268564553
696	3460382885
697	3377548132
698	2048504050
699	2662989587
700	3124963373
701	1048708413
702	0070774391
703	3336371307
704	3947183955
705	0401342957
706	2510422702
707	2550803755
708	0930485169
709	0591803350
710	0848595505
711	2153713509
712	1124517947
713	2548280171
714	1790039805
715	3404638736
716	1260122948
717	2522715554
718	3501327881
719	3822698565
720	3412902533
721	1662655040
722	2667232884
723	0079058440
724	3601053860
725	3982382805
726	2075918136
727	2144880326
728	0578324427
729	0720167940
730	2862136524
731	3943775925
732	2152599944
733	2477649835
734	0292306612
735	2214972361
736	1933185566
737	3698270650
738	3403338105
739	1994529435
740	2097551470
741	3100364766
742	3476058049
743	1139924830
744	3895077728
745	0040937270
746	2471185400
747	2065572719
748	3185517801
749	1446019296
750	1331878369
751	1481786386
752	0650486810
753	1321626066
754	0972673409
755	1258971746
756	3942952486
757	2647256826
758	2149090215
759	2643245920
760	2363062806
761	1176014178
762	3270223096
763	3665448369
764	2319447402
765	1484492800
766	2389665568
767	0059929070
768	0305065613
769	2688593936
770	3620615536
771	1467413786
772	1277566576
773	0846188108
774	1804665552
775	0049714389
776	1286925500
777	0139143781
778	2671740273
779	0758679099
780	3261733367
781	1415467012
782	2787798436
783	0179818623
784	2305245215
785	0018377055
786	0414314061
787	0949010129
788	1758202860
789	3314870523
790	2750324714
791	0442103893
792	3503554277
793	3202433112
794	2222429400
795	3320008177
796	2035406634
797	2134638084
798	4077553912
799	1115923433
800	0995065582
801	3793591187
802	1392845924
803	0037664556
804	0133595458
805	1207008448
806	0785100345
807	3757086501
808	3021479755
809	2415173045
810	0031898062
811	4211656509
812	2043591155
813	1764571200
814	0333017648
815	2991344852
816	4214972749
817	0027452623
818	3289215686
819	3251050915
820	0202809168
821	2963236462
822	4105044770
823	1005311908
824	1300982027
825	2396609817
826	0267815395
827	2836888624
828	2039242440
829	0391902325
830	4005363421
831	2571472992
832	1436484416
833	2920344902
834	3370605852
835	3662566566
836	3689226639
837	0791898124
838	4279143900
839	3781584839
840	3562388168
841	4205880253
842	1550749114
843	0075529761
844	3429422749
845	0737542256
846	2664427632
847	0656438160
848	2951665527
849	1473787673
850	2952225079
851	0423371317
852	3928127281
853	1320411039
854	0787136480
855	2128253599
856	2653184122
857	2457564730
858	0065621590
859	2833500490
860	3604552792
861	1215871072
862	3823784208
863	1006617010
864	2435584689
865	3606365908
866	1442847321
867	2713431085
868	0838627381
869	0598680981
870	1739570846
871	2879030883
872	1543392175
873	4133403896
874	0478166913
875	2184904638
876	3254035905
877	3698465994
878	3962735219
879	0390599591
880	2409007680
881	0348862292
882	2259809338
883	1742920018
884	1416693856
885	2843210352
886	4106191252
887	4020902807
888	3678489184
889	3623964916
890	4283559765
891	3702012363
892	1121352568
893	3787327886
894	4143240733
895	0252516593
896	3561692800
897	0797845693
898	1041546156
899	2609248731
900	1059579112
901	0176132385
902	3844933187
903	3262164111
904	2153942550
905	3977711242
906	3136406039
907	3473949779
908	0975376411
909	1768304891
910	4036207194
911	4042085278
912	2707009209
913	2565837732
914	0222832003
915	0704361736
916	0387973218
917	0952506594
918	1351347283
919	4224552779
920	2979702421
921	2947716760
922	0703681973
923	2315090526
924	4205827882
925	1178731012
926	3423504128
927	0785078798
928	3077934906
929	1205332644
930	3138677873
931	1998944489
932	3577227352
933	3984805384
934	3731016340
935	1178348033
936	0617673237
937	4253382321
938	0030273564
939	1196027132
940	3161047077
941	3165633253
942	1992621264
943	0719208745
944	2229835755
945	0254925828
946	3449831100
947	1952534977
948	3433153314
949	0258213924
950	0353650996
951	0138849446
952	1519896703
953	3263240239
954	2247750111
955	0323851772
956	1663037911
957	2482461684
958	2835269699
959	0020137235
960	0233834329
961	1898909975
962	0667020021
963	3932845152
964	1119860872
965	0087549433
966	1621087346
967	1737602906
968	3568304820
969	0808275889
970	3258243438
971	2803051356
972	3823655434
973	1929660478
974	2846592814
975	1184814000
976	4160684567
977	1144297939
978	0484500512
979	3115593192
980	0186073011
981	0757112076
982	1620057910
983	1822438024
984	2348732653
985	2404955660
986	0443155552
987	3129198696
988	3422148088
989	2952943699
990	2897750051
991	2911449267
992	1319923218
993	3430216270
994	1724729386
995	2351142970
996	2312016266
997	0924462633
998	0542158901
999	2316352533
