000	0000000005
001	1274371420
002	4210395009
003	2176861409
004	3192839192
005	0726592737
006	0131146698
007	0141778306
008	4080292655
009	1861863417
010	3459701858
011	0270195700
012	0505630379
013	1656159056
014	1787965824
015	2907548392
016	1866640944
017	2696223711
018	1707988242
019	1817725709
020	0313905452
021	3647417093
022	1734998024
023	0009487252
024	2837176774
025	2246812101
026	2025685949
027	0810060399
028	2692938792
029	2568853878
030	3281669166
031	1772041576
032	2060063621
033	4247818864
034	2381245698
035	3970892632
036	2491227201
037	1611140340
038	3922082932
039	1263925872
040	2582239867
041	1291693653
042	0953492252
043	1774676356
044	3713239027
045	0219359822
046	2639517724
047	0414122985
048	4240431285
049	0652184512
050	1349549652
051	0169083021
052	1572458681
053	3453084564
054	4047528321
055	3186260182
056	3528054723
057	2918273453
058	3782576443
059	0280446362
060	1221722851
061	0401739299
062	2121136689
063	1945388303
064	3944741573
065	0091810092
066	2455293569
067	2436338274
068	2832856378
069	3655623719
070	1320624423
071	2277804178
072	3907626955
073	3667701846
074	2862189964
075	3928739257
076	4176002555
077	3216447751
078	0560538341
079	3558952985
080	2372594060
081	0193566808
082	4243754803
083	3384175024
084	0150380092
085	3721421778
086	2881625777
087	3347278985
088	2163077102
089	3871785161
090	4243445179
091	1555345793
092	1152203584
093	0677011280
094	0352429694
095	3481569258
096	0810674368
097	1450950589
098	1211396964
099	3806888281
100	0109091323
101	3296492072
102	1061400093
103	3145001200
104	2210126238
105	0577407411
106	0466319378
107	0287287540
108	4144729356
109	1713976607
110	3033141476
111	2263872933
112	1388275722
113	4064922422
114	3656904740
115	2685037080
116	4089910879
117	4197260634
118	2737641332
119	0868918590
120	2117372604
121	2650626745
122	3691079181
123	0940888535
124	1792652878
125	4112297278
126	0109246772
127	1217892662
128	2564362425
129	0670141351
130	0922295771
131	2824630336
132	0225274306
133	0381581793
134	1761192633
135	2686258385
136	1555117283
137	0215046697
138	2602360171
139	2565099474
140	1320965329
141	3885170853
142	1401829463
143	3265844167
144	3570343778
145	2268621719
146	1877622714
147	0507041305
148	2212728007
149	2456942537
150	2341125835
151	4013452339
152	0992083294
153	2537498122
154	3190919376
155	3330780577
156	2345254115
157	3047324136
158	2327156368
159	4186228575
160	3468475329
161	3708383144
162	0828019651
163	3241834501
164	1868228200
165	3206128485
166	2945495077
167	2484102934
168	1798537270
169	0073151759
170	0924787413
171	2444033041
172	3818996137
173	2302538964
174	2069690231
175	3111411949
176	4197414451
177	3263209619
178	2592613250
179	0497396776
180	3478793456
181	0608768597
182	1187360726
183	2507853992
184	0155578614
185	0579297741
186	0126253236
187	0010494933
188	2697978527
189	1925423955
190	3442541363
191	2320015194
192	3640143223
193	1523648677
194	1763432851
195	1902734869
196	0218722148
197	1850613971
198	0469298810
199	1653644732
200	0563195278
201	1901709444
202	2374851717
203	0979590456
204	3181025155
205	3340131892
206	0456543057
207	1095459451
208	4064275919
209	2100910362
210	1744335049
211	1212189282
212	3016918108
213	3579573023
214	4079571126
215	0302132397
216	4065799020
217	0739792312
218	3053573884
219	0696900791
220	2377093564
221	0784039692
222	0437899803
223	3432791365
224	3937657553
225	2607813104
226	2862826270
227	2782169932
228	2583027514
229	3397939538
230	3379009055
231	2866476302
232	0842122548
233	0934840497
234	3304161559
235	3971998672
236	2042700372
237	3716059475
238	3235098907
239	0121773147
240	3997583292
241	4165384771
242	3791119894
243	0188043375
244	2739637405
245	2400777609
246	0883345401
247	3864150683
248	2325766006
249	2230402189
250	4067084811
251	2118761816
252	1249001835
253	1256503417
254	0021216710
255	4268960403
256	0150491288
257	1453018432
258	3233109910
259	4196476384
260	1336997704
261	0583104654
262	2269276271
263	0766497117
264	3314469858
265	2041309428
266	0925941499
267	3974246528
268	0229657011
269	4027562543
270	0664228374
271	3985875533
272	2474071237
273	3862411537
274	2937959595
275	0029130052
276	3490267204
277	0872490735
278	2216257562
279	2039789607
280	1952675126
281	2707827779
282	3608066320
283	3467225557
284	2530956601
285	1391255610
286	2933923541
287	2866656793
288	0616495703
289	0508971520
290	3543154196
291	1388525956
292	2422129283
293	2704895026
294	3230566132
295	4075408947
296	3168773400
297	0094617819
298	0232913070
299	1964262440
300	0406497847
301	1622264120
302	0389037502
303	1443550360
304	3385324220
305	2307127522
306	4138291130
307	2502750934
308	1732406394
309	1351908449
310	2777024677
311	3690541249
312	4206865022
313	3279743877
314	3453719516
315	0630776802
316	3930389605
317	1475591848
318	0855640539
319	0876534395
320	0470882393
321	0040519279
322	0203982518
323	0358607521
324	2305748814
325	3621831164
326	3929441842
327	3020676320
328	4263103266
329	3196416896
330	3416098173
331	0198407564
332	2380913447
333	2897296714
334	3371571076
335	0926522767
336	3105702359
337	1671380852
338	1416092783
339	1213836364
340	3761870216
341	2300138480
342	2733818305
343	3096878986
344	1696895344
345	2556196708
346	4181763866
347	0712004859
348	0782876993
349	0536992829
350	2478208245
351	3982090850
352	1735283212
353	1399291452
354	0147231727
355	0605793621
356	1032572420
357	0417428867
358	1263263916
359	1488587222
360	2981425236
361	3200165942
362	0141921493
363	0554333052
364	1113385697
365	2164710759
366	2926020439
367	1415432044
368	0867563144
369	2520346026
370	3971203954
371	4053307274
372	1580903043
373	1895677712
374	3697726554
375	2652627912
376	3233545837
377	4285862853
378	2951908536
379	0905042781
380	1864820934
381	2205919867
382	4183155087
383	2992252102
384	2348108995
385	0121359002
386	2721980784
387	3568763683
388	1913943464
389	3314799468
390	3412741419
391	3491942055
392	2578235773
393	0252993236
394	1459597194
395	3624857865
396	4079723433
397	3566068857
398	3837325118
399	0583946908
400	0705014772
401	2395628731
402	1076284767
403	0667426305
404	3032634015
405	2657694156
406	2467691611
407	2158702334
408	3751820918
409	2580314193
410	3675137601
411	1356006195
412	1338868124
413	2431120431
414	3914508158
415	3328830964
416	0579666541
417	1337738036
418	0028285128
419	1918245711
420	1986386932
421	0857615420
422	3454088246
423	2630588655
424	4111698774
425	2536231280
426	1561244184
427	3948994084
428	4026465023
429	0393356439
430	4153561642
431	2623517238
432	0763821979
433	3349812698
434	1733930059
435	2653634898
436	3026011013
437	2618293879
438	2639270584
439	3056837526
440	1681945998
441	2343215026
442	3911799249
443	3439100308
444	1857801211
445	1634275419
446	1393124118
447	3665644621
448	1014209555
449	0608240447
450	1447568526
451	1060234544
452	3647187583
453	2867805145
454	3630320087
455	1459917147
456	2861373460
457	3085516130
458	4118895921
459	4118260620
460	4145934099
461	3894852055
462	1143759183
463	3142602447
464	2044156978
465	4290300166
466	0263579025
467	2352171925
468	3218492291
469	0183505542
470	3217694966
471	2842819722
472	1616386729
473	3448492950
474	1557435117
475	4171195500
476	0354056212
477	0651590848
478	0150258882
479	1171413741
480	0978045714
481	1800715418
482	3200120109
483	0909874856
484	0190846803
485	1860459246
486	3822362593
487	4020212128
488	1515796304
489	1187332594
490	3964115467
491	0818025192
492	2870426573
493	3072031969
494	0590250880
495	0064818959
496	3376978184
497	1219253927
498	4113527917
499	1988038410
500	1882760230
501	3689273650
502	0684472895
503	0918391590
504	1638367841
505	2312783685
506	1481655715
507	1366437502
508	3695837647
509	0338738064
510	3704165419
511	3960598266
512	1171018460
513	3764008391
514	2350350426
515	2953730768
516	0925072410
517	0051020085
518	1056008605
519	2096835578
520	1195246406
521	2996787329
522	0800893091
523	2866028908
524	3004727073
525	1189127244
526	2456100496
527	0010865930
528	3741774196
529	2063560631
530	1341809626
531	0011075315
532	3732650741
533	3731167314
534	0122391524
535	2580890081
536	0520405959
537	1263647195
538	2775873112
539	1436455359
540	2631498558
541	3039627584
542	2497949731
543	3522269499
544	4088054445
545	2731274233
546	3830519847
547	1001639707
548	2285156081
549	2368279234
550	1554074412
551	0825297525
552	3395276112
553	3813463992
554	2696414122
555	1016927138
556	3880803887
557	0742000153
558	0049218368
559	2694196460
560	2285910156
561	1335836492
562	3134793580
563	0894157174
564	2987169692
565	1901210373
566	1879667242
567	2291932656
568	0589009596
569	3413528926
570	3797387441
571	1035924074
572	3604015873
573	3902056810
574	0298580661
575	0976951955
576	0750051706
577	4146478832
578	1106627189
579	1411416447
580	2801109546
581	0201101319
582	1619842514
583	2668989810
584	3339344728
585	4036805239
586	2119646085
587	1684605788
588	3887875032
589	0667247726
590	3541328383
591	2704813817
592	4181546289
593	2622451255
594	2506667152
595	2321250001
596	1797138952
597	1830485303
598	1518404437
599	0475321585
600	3133409723
601	2756928086
602	0085403555
603	2841847563
604	1857568581
605	3695675142
606	1500231479
607	1066946417
608	0559121015
609	2895599756
610	3313639232
611	3314580126
612	1255367424
613	1040896336
614	0669416492
615	0149647779
616	1280755933
617	4144675034
618	3244900707
619	2280744973
620	0271413070
621	0335261466
622	0570700458
623	2484265256
624	2803701541
625	1730813663
626	0890038064
627	1369881795
628	0750553179
629	4073888018
630	0259541904
631	0120891142
632	2340350553
633	1456563979
634	0756338624
635	3802446652
636	2567376537
637	3888687813
638	0969727784
639	0394505946
640	3008030039
641	1788507059
642	2669985547
643	3929293613
644	3516894457
645	0017633278
646	1728015054
647	1274398560
648	3000538485
649	2975961898
650	0618918033
651	1186127751
652	1577368159
653	1555127112
654	3543839078
655	2014084105
656	0079035151
657	4131258196
658	3350691453
659	2744727558
660	2270640602
661	2122452857
662	1136935249
663	4138028115
664	4230061434
665	0790112703
666	3386742362
667	1299746452
668	1627027661
669	1874021755
670	0715605805
671	3273488671
672	3693260723
673	0482265283
674	4110429010
675	4290647152
676	4122963408
677	3539859651
678	1319722003
679	4182213805
680	1378796579
681	3621950164
682	3174417936
683	3763133110
684	3348040520
685	1447985230
686	4118635165
687	2744512028
688	1857897158
689	1526471305
690	1888047533
691	0362079023
692	1232447426
693	0174157270
694	0352762229
695	3131973732
696	0344664819
697	0272115789
698	1775053388
699	1667286158
700	0063416144
701	3302742178
702	1672668883
703	2008254404
704	3958141986
705	0512122819
706	4173194347
707	1694997799
708	4117033785
709	3014143207
710	0345642782
711	0197073984
712	2363934408
713	0959224244
714	3239091587
715	0341207991
716	2931575827
717	0243515165
718	3741691087
719	0918928681
720	0510488721
721	4284659254
722	3813076493
723	0982561007
724	3611527279
725	2762317704
726	0716613949
727	0238035590
728	0527750215
729	3998730589
730	1442671459
731	2964651455
732	2277495207
733	0945040987
734	2489383182
735	3496270977
736	2568922964
737	2122060267
738	3970399660
739	3252090984
740	3783369780
741	2262714736
742	0732844637
743	0576435342
744	1525044486
745	4151999827
746	3148321449
747	3331700108
748	1240223987
749	3964294692
750	0660131115
751	2511382415
752	0501905091
753	3976869259
754	0602122050
755	2228239694
756	1285017453
757	4236107286
758	0929172100
759	1416662499
760	1380467465
761	2839621104
762	3373030386
763	3955612305
764	1385352072
765	3261500379
766	3905765025
767	2293868868
768	0210338405
769	0943983449
770	3292746450
771	4024324527
772	0646285116
773	0495265509
774	1661911795
775	3848772863
776	2770308713
777	2935897473
778	2660381408
779	3459654041
780	0753476841
781	0459952486
782	0307524674
783	0280522325
784	1972315432
785	3528339861
786	2703175810
787	3154848526
788	2997539050
789	1523721899
790	4177626952
791	1435478547
792	4182750404
793	3915566251
794	3860775690
795	2671523777
796	1316744731
797	3596710712
798	4138353956
799	2031568233
800	2389938480
801	3182072592
802	3374098355
803	1884313024
804	4130585820
805	2844962164
806	0788989129
807	2364903606
808	3707178617
809	1295838178
810	2462708442
811	1679633151
812	0117683439
813	4165952737
814	2322168370
815	3885178061
816	1536399480
817	2773496126
818	0342744473
819	1499447854
820	2500071047
821	2895708357
822	0324055902
823	2601537337
824	0579872886
825	1789034789
826	1252486778
827	0480107865
828	2974145069
829	1125107864
830	0650134912
831	3509011965
832	0161686637
833	3058904579
834	2400032282
835	2397938372
836	3386645373
837	0237345316
838	1235078620
839	1684742576
840	2294018555
841	1946536974
842	1647543544
843	3682336723
844	2424204836
845	3359196963
846	1116854497
847	1897262761
848	1397863655
849	1432083840
850	0299743756
851	4008839293
852	3304793184
853	3698950640
854	1479895570
855	1529778363
856	3926332522
857	2969027868
858	3580734446
859	0123339792
860	2855084743
861	2939040515
862	2191488823
863	3984038147
864	1043674034
865	3672577126
866	4256930136
867	1824110622
868	2007660521
869	1106246365
870	4154446199
871	0048190517
872	0528958009
873	3704660057
874	0151802632
875	2903313692
876	3649381351
877	3641958968
878	0393912267
879	2728846695
880	4215296073
881	0241683636
882	4221627146
883	1401178276
884	0239564403
885	3597331056
886	1030612992
887	1476587995
888	0403572414
889	1743128868
890	0463194923
891	2791695743
892	1165081006
893	4232243940
894	4209358989
895	2465635531
896	3806798947
897	1015639163
898	0884939270
899	4020529968
900	2046192631
901	4248580254
902	0755142241
903	0044969242
904	3733226314
905	0962136046
906	3190166008
907	2767367949
908	0126601124
909	4059843268
910	2800440156
911	1448575523
912	1893823812
913	1879961682
914	4082981694
915	1532770640
916	3875186800
917	4186303289
918	2239081539
919	3134299844
920	1410556035
921	0514923136
922	3269585124
923	1624610488
924	0522470286
925	0815081235
926	0418714235
927	3822366013
928	0464438172
929	4048099740
930	3986290658
931	3598996518
932	3511998080
933	1966752071
934	3368069689
935	2694560383
936	4113218529
937	0735140489
938	0017175914
939	0770556355
940	2854787599
941	1890004088
942	1242766527
943	1516066488
944	0709580366
945	0420950861
946	0072559575
947	2740464029
948	3647096920
949	3413377599
950	1713866779
951	1863848069
952	0453905618
953	3107679966
954	4080981977
955	2048898462
956	0898482070
957	1763163157
958	3995753848
959	0649032186
960	2424856404
961	1817007615
962	2809374988
963	1764765915
964	0603892908
965	4000376508
966	1008323302
967	0126864477
968	1864414032
969	0619430230
970	1332942714
971	0528175085
972	2816382394
973	0607109615
974	2427615716
975	2903913631
976	0855148751
977	3389027451
978	3778825664
979	4071962529
980	1113180679
981	0400054617
982	4128716063
983	3487276088
984	4154915582
985	2089688637
986	3009441766
987	0157533325
988	1266809448
989	4241770850
990	1408927248
991	1858724991
992	2572864317
993	2980962652
994	0837068606
995	0031859901
996	2927757080
997	4080400342
998	3393015393
999	2278058637
