000	00000000000000011520
001	00000000000000000000
002	00000000000000023040
003	00000000000023667840
004	00000000144955163520
005	00303992986974289920
006	00025332796375735680
007	00000296904390158016
008	13911081092387501979
009	15304787717237593024
010	11959896553852770208
011	15330280945599724864
012	12441977952624262185
013	09464045822533208591
014	07627018012328198432
015	13188828176253852299
016	02667076018856417891
017	08945015764445778817
018	01171852864223728801
019	05590199217364811252
020	04649681690744937329
021	05336898483802744695
022	15775029627135625512
023	06727150134395822615
024	01148093362947086150
025	11330593794851734781
026	16492441587483386403
027	00668967897143638757
028	11659021190801672043
029	12162950671130272991
030	07159951099840755726
031	11953052688890346908
032	09356777538632681198
033	04205886601037581515
034	01153529949060006432
035	03399527188240628766
036	12718783071247050621
037	15935165287108142336
038	07317850038895348216
039	14212829994072114943
040	08179067377321445706
041	02397752752890181026
042	10285049792459280822
043	04080755673183647322
044	16236744831421899379
045	13850253018877850318
046	05753800692561673202
047	17050993220735063546
048	15752386553106924259
049	16019890756651625707
050	11308054563339387736
051	08675374979044078212
052	08038347191294536108
053	10180828372746906446
054	13767772159305076309
055	03673511910712365658
056	15680795160456466724
057	18201134696788588698
058	05720630746983555626
059	13318944696755815686
060	05103223297094590697
061	12744211085956598106
062	02846438426249919645
063	11248546259398646072
064	01849950498111064465
065	07438044436243556861
066	05276782945932774742
067	11056834233810812854
068	02705517879596405112
069	02064510645211383331
070	09816079534251979029
071	02011684512972940035
072	10308324233781293090
073	12374669974087161873
074	03820004098269881500
075	13669790791021744670
076	06937328036889286320
077	13018560053969143152
078	02649905313378793002
079	01671663313129842372
080	02592656852159175852
081	15689678229972639880
082	02846225308017575547
083	15596093094953201275
084	06151913313950287857
085	14335762664014046694
086	06899877789332585140
087	03358792594917662725
088	02777403296150054233
089	07459638472753819764
090	06651923082684997510
091	17170634833917605756
092	15844537041958304808
093	18412706041734463497
094	13136112443464786653
095	05104455106529368208
096	17135182970813116184
097	17612499769980454429
098	16701245863230410699
099	09972347664707224137
100	01170044754113764018
101	08028359777647132956
102	00321306393724559376
103	12049063026168316237
104	12233532552672292219
105	03690021244168842409
106	17909993583646239468
107	07855330720602652228
108	01837021757838836932
109	01119565386277568085
110	11709507819069418992
111	02863419619668829111
112	05801401154042086964
113	05396126536469883354
114	15594370134464878569
115	18213794458486762645
116	04058756015710731687
117	17680155894312083032
118	15983983296758826065
119	15303299711273489770
120	15878979100909602595
121	07668597060890834846
122	05982060575455299212
123	01736465327900176646
124	12248702748166988271
125	14436350051296400703
126	04812971638387191629
127	00792697083237853367
128	08309341352314286701
129	10084806157473459713
130	05438512887910493417
131	16872428079490598365
132	12036793477026112230
133	03484532686352645145
134	07313788477577430165
135	04861060083504026610
136	03048447800315489028
137	00386969601783130218
138	04037726617504321988
139	16373988669167242633
140	05295432554705390846
141	09543536320352941213
142	09204923812082213243
143	15709031436941105907
144	13615547131125410021
145	01546082470467036723
146	16502249032814493428
147	01918165940895593459
148	07327789641392785939
149	01272714294978570821
150	18249063059365936544
151	06430091138857122133
152	00430735780697654285
153	06659705184486073031
154	02410604259775312480
155	14840307440794394910
156	04468165178764341190
157	18056054089516015555
158	16906201844787030883
159	00771386105295524598
160	02803963964286978750
161	11665673779033240516
162	13264404353306599305
163	13973405387025877462
164	14566961071867587967
165	15845111551987002103
166	16860179596484449465
167	11005820426006959140
168	02782667715161296428
169	05417110833111986221
170	15015003000553047231
171	14244984301455368925
172	18098978768360382362
173	10356590929563636782
174	06734278682740318008
175	07152694509324743778
176	05833722728154757601
177	13684893911708003399
178	10607385678319435729
179	12964329267285429913
180	10203366201263705598
181	04142388090718697984
182	08165694704690826328
183	15599369637570072432
184	07959081109701574297
185	08281241242050103648
186	01184551117923188612
187	09291819602839278948
188	02211142796083034058
189	02086245259160403099
190	16871084168222301444
191	01766434950832978340
192	12586956778211506140
193	03322615523776972400
194	15136127540924574792
195	09213536461316561756
196	08624850784457455274
197	15672488775726793604
198	01519519191888097749
199	10876597288818637658
200	17928406769977578711
201	09972067668122533901
202	06119426723472906886
203	11709055847044213653
204	17124702814204124651
205	14156618851724605624
206	05573037101166433033
207	02279462761669621139
208	01214851743336081738
209	16851135377643838836
210	12777459138592168716
211	02111366370339149782
212	09109342863021289513
213	07344259717528472687
214	03005349038355142827
215	05483379071808263488
216	02621855979349900840
217	07209664787424933262
218	01589552320829082690
219	03218252265461696558
220	01022294733409807880
221	12646199688146211240
222	15366649651090127220
223	03437450235924519102
224	11550175905341368111
225	06878453879074347344
226	02482972951676218090
227	17018643188997740741
228	01866908557053764393
229	05139653456822849372
230	00481178286049146700
231	09667339681494191766
232	06158359890397286688
233	05949546977505352899
234	03019313093154676307
235	15392027964997795042
236	16529284416644474272
237	11931416549241013175
238	08052930168879443512
239	06270384110333692807
240	10650758279340758390
241	09323274085866610276
242	14411872949517487850
243	09738679995656682837
244	05455805824060079730
245	10342775631051919346
246	03571968084848341504
247	03356148886628409955
248	13675725679763102430
249	00624213730180827208
250	16181615779084355044
251	11737504664772849830
252	14755638850144162426
253	15254246006953265363
254	02439201281962300197
255	09123133933532242487
256	02798125062247328761
257	07275196728435033328
258	14234037520899720344
259	02896325896430909727
260	03197154775754249844
261	17600443781861040113
262	01392065291260078828
263	05904616636040102460
264	02632089977366419044
265	02659610772542160154
266	10319240720151566978
267	05533983086840073482
268	02023028590016691879
269	14182186990674633949
270	14856452251719862783
271	05347790945584942912
272	04394315845861135732
273	16540185927023471663
274	10011001091564759175
275	11897866223595234580
276	03121332140813412371
277	13477485323086264768
278	14547901808734197337
279	05924648122207595729
280	02902809205403937752
281	08497484686026655340
282	10968107510739598255
283	12663163533579809978
284	04773831065675616989
285	08655443122322417006
286	00108547244892354428
287	08775989720916356713
288	01294355606245446758
289	05014601832965473594
290	12698561228127211700
291	09426672644737724147
292	04126167262008817550
293	01487244777933812989
294	15661378141943409803
295	07535082910325681669
296	12493798213330048691
297	11892834877599844693
298	02165816092783634468
299	11648152078630074914
300	14586621963500623866
301	12394615758069087481
302	15818228362923107959
303	07924948467096135996
304	09154272409417131768
305	15780590304525144430
306	01247124797454157434
307	06013646960731477511
308	05326856250732711933
309	07946693871960812911
310	05937789429591352922
311	02416790955928914509
312	01407612873083081177
313	09316554542585262323
314	09941197615364784085
315	11234728147029172062
316	07968202035788452001
317	10545262337290841362
318	13783839446099289294
319	12618883227935972996
320	16926846598997843495
321	16640834792157917375
322	15526225047731102763
323	12170971541101996963
324	17161259163209929833
325	07001810064644649016
326	16129919257442002466
327	12086132561346203925
328	14433732710858894420
329	12460111358571688983
330	04414075027435252966
331	03397391408271534280
332	08782653483251774673
333	12402895874853174941
334	16820315775302406468
335	12680282679230266506
336	07927357444105455171
337	18234660288464459668
338	11273933207640284901
339	03118284168118310400
340	05374307228734740606
341	10442025413872875459
342	17840205869542417444
343	15702187933037258549
344	16002607778343518721
345	11997948229160773258
346	14177036941719299283
347	09425623809534494682
348	03209657127353137810
349	15596647784534708278
350	00695408744433370239
351	14240277323958112598
352	05098596961389945111
353	16392254975239581041
354	09709608671218832406
355	12507302973449845492
356	06983172765829667976
357	04653916466495320910
358	17101528351023783798
359	00914406213757458484
360	08547625215282808608
361	07985052504045924218
362	12251735289933531850
363	12560922448110161298
364	09440273767478763186
365	09650577652717987949
366	04172143187657841575
367	09019438439368462928
368	02568469773010288261
369	05881186737161841044
370	18140456472240444820
371	01015432506988061679
372	08228666285554752255
373	03331306840577311606
374	11630538676870874180
375	13305314521185239559
376	13721327761751104771
377	15537476538548296193
378	18057102089034432444
379	00870558626978149103
380	13003581009667513307
381	15580932640745976422
382	01246156401638012533
383	01367326061723499059
384	01203069387446949844
385	12443979296284530166
386	07582317179647949114
387	18308936132171894361
388	05756398645546120817
389	08481127790602721774
390	06388577856649942522
391	00644333074774102940
392	05628851604426209636
393	06304487911887874973
394	12656662062378280470
395	00470107402314633923
396	15253349559163275427
397	16896004691366899714
398	01037730126074851305
399	08274432047517081166
400	08557220908456712504
401	00160069119828293669
402	17910342188989198914
403	08337639293289193720
404	12745891403160748049
405	00047002380397821449
406	11261373495973643862
407	08219518207478149284
408	13819923760381692229
409	06899522586937711590
410	12358139332301648418
411	17283889051644960254
412	17405357155136185010
413	05241874745611758507
414	09653580221334890538
415	04969630841809124717
416	16819392219585232649
417	15097371396534736085
418	14417465345209260390
419	06012676751344247364
420	13986475121660934838
421	01740360313538254665
422	10937874308691747037
423	14311966008514749367
424	12484142501076107612
425	01784286168991743789
426	03588022093932913793
427	00448497000022547468
428	15022365029555708757
429	13918052293051042334
430	07682610865444197740
431	10161310471671631175
432	06120514817660103136
433	08599372653072351703
434	11497790582150500583
435	13089459812015910299
436	00530554109155414000
437	04871172197839038159
438	15138893100666837721
439	05995873251843947050
440	15509601630767670745
441	05601963617287885342
442	09193344923901538515
443	01642893675450472834
444	05206235628375819506
445	02628508380107171730
446	07107242267388961933
447	04051249394983533416
448	00030360417209437465
449	14368326470209205140
450	05147576822729444585
451	14933290547438325921
452	07211397437145467201
453	11604241592852470057
454	10070002925260769506
455	06198070220202504105
456	00083556765062795405
457	15176138505240901606
458	10732427917428001251
459	11557362558971068143
460	01818048776618553196
461	18001816700564140702
462	03857027048365619620
463	15479997004511033673
464	11301640361301025648
465	12408172090904675809
466	08732940313752355896
467	17240817832566432020
468	04176208395541224689
469	08553730040267603551
470	14471011641784562662
471	15859196735992445938
472	02081343444520538325
473	09087852591679253804
474	14887772772610040213
475	07353034060576832271
476	12612042910532177373
477	00220065073146311920
478	10057481097808762998
479	10745781552011141794
480	09826634362197606560
481	01062066388815416075
482	12498297670338135819
483	17754213900511693689
484	00113318538741433675
485	04907540285985990107
486	01491343434050878865
487	16533051157694413263
488	08033100447408337946
489	17578743521973388130
490	13085540158063621179
491	02687173450011160472
492	05454272090594577792
493	04144034996248986770
494	04367754377369314997
495	09399202024591191184
496	01637721560672196054
497	00618396335172768136
498	00623219053002238887
499	11355659769395484906
500	03985401727658207419
501	08678098300848528431
502	15433018846999681156
503	10527193708560192225
504	06276226728134035999
505	08628419341842108961
506	01870956788020602490
507	14812146137743381249
508	07114347157808530447
509	02464645478702303231
510	04979134707029969653
511	00455972064225110541
512	17533273608087476556
513	02983172047263613357
514	10470582413429132165
515	14099462650044966437
516	07508869878910132785
517	12086144342727674361
518	06288636126793211350
519	13282539758916460043
520	14773567333521511555
521	17023612585044513872
522	14012866168410750138
523	00047795619604924433
524	04087095678055993737
525	08652826385223486173
526	07562205018354693910
527	12453403308496136234
528	15739236214768220125
529	04317400856734293525
530	11887385617319368476
531	06097104619350620154
532	15259864170753681154
533	02253386678915434660
534	13808436074833730782
535	06185079610562768925
536	10506672620440287101
537	00012620714408693733
538	11391659350743841100
539	04871265185215354819
540	11098882629749630826
541	16743838617147593515
542	16197907478561901751
543	14563529141926819370
544	14653461298258422409
545	05534950813576662534
546	01996470605727896656
547	18161072300246505605
548	14457888849218502110
549	06746994469600655933
550	14394395243951506437
551	05233521348933574852
552	18234696422899681684
553	02508988879888662454
554	02647051582216357156
555	05301353767180480272
556	01638377864289576149
557	07174823791003695234
558	01289935075888920373
559	12686262572151780337
560	10366872398688243490
561	08090869070345831738
562	17120580999444284519
563	18023427430730339090
564	05130335644703150238
565	16174445902659806340
566	07135015190201642727
567	04902218422791579917
568	17756679504497569950
569	01329983864404887697
570	13139134001883090441
571	12464171561695277426
572	07241437838384258123
573	08076014677553664865
574	11777890371945562080
575	16585023424124727449
576	14575061472657674584
577	15760284649414808547
578	02973622675642439881
579	02748023676488711054
580	18065587153144044767
581	01890864652283586170
582	10573418063580901232
583	07507061634137964221
584	13403427601963438451
585	00362759532820271304
586	17753342225386718229
587	05756663480815175851
588	06644576806800666186
589	01814786224715597735
590	17956980483428463760
591	01985785800329549249
592	08455183224512778197
593	07588551083478042388
594	04381782495994049700
595	10222479379148095177
596	00504203134310622469
597	03537660309525558168
598	07293871929637356644
599	04130928860128513561
600	11867986892146455821
601	01468954708324453556
602	03623053744832268946
603	09815403075660745684
604	00426538677080743708
605	00341791348370626124
606	18016518900000264266
607	15825082782210575313
608	01099110790779695087
609	12273195228484519684
610	15615427512359654065
611	15689744908939613656
612	03154666414569801627
613	17841024780643975396
614	11427824142245599175
615	18404634781394261758
616	06059572557418576597
617	08868682354943754176
618	09553202079988996117
619	11667094064256801993
620	01040396003247928361
621	06726201766468957284
622	16372895589760428680
623	10885054525192087680
624	10651462147393934137
625	03207495698916469078
626	03308053732028897750
627	10948572131030914572
628	09943643698597605413
629	04848611084558668592
630	03511171190936826382
631	15329805509606478555
632	07880200037766237324
633	10363578670292220409
634	07805527279262563709
635	07709712816651151245
636	05623058733455061442
637	06801413892784222082
638	16070456925652093944
639	05736798315155665135
640	08042864126571535088
641	09786806529716772861
642	06139044942961682990
643	17181071545546877782
644	08265117276029361294
645	08212921542153041536
646	06914811769462818589
647	11560595978415842884
648	14691084173514464961
649	10870111325313566793
650	07644968422972561441
651	11505395891902218399
652	06281016846958708860
653	01230425268857459961
654	07189356129830961108
655	06323392433306533682
656	17793807796285843834
657	07751795959446197392
658	07626926159892267866
659	16234059718861691088
660	08428801514940178367
661	03478961028339355885
662	04767642394225097528
663	12222914663173967870
664	16823783455646048144
665	01597887252377488984
666	18052473821841214767
667	08039297007298976115
668	12486455578329501566
669	13987731879626027212
670	10809694394784042118
671	06542566738482894419
672	09404018355314619319
673	02243694109428563017
674	10500154264166915546
675	05878378320318304825
676	07755650576999986967
677	13084256262298720218
678	02203360102573668138
679	13804311138216706671
680	02428258085223842287
681	03115776750030779834
682	14754537216328764368
683	16652077255206456097
684	17611650663613682128
685	16289075068019831581
686	13508972361967745486
687	01695517157277752723
688	12752779886934827964
689	01850114408022097232
690	17849570424675377314
691	17668331768119588202
692	04319342741953254795
693	13538567776189774911
694	07421714747723414549
695	00666201678683727858
696	18426524880370501819
697	08347145646781047374
698	12944840798522068713
699	03655696708942007359
700	00891108655203699659
701	17552933883989379849
702	16519706283446844608
703	13620317794031374433
704	08380643958775319440
705	03344552032301614602
706	07355164088236972187
707	02941959611139485710
708	09106107530013958042
709	14106261532025043608
710	02991826406005632520
711	06182747536812483100
712	08968308074355221985
713	12848610682687145932
714	02152731645500501526
715	04060170384201569766
716	08064247192700951021
717	13595149981634429989
718	01301671851119258376
719	01199912844328938709
720	17191591389514806385
721	00085340721129304212
722	02594812450485622784
723	11835276796744252410
724	13150889888564523188
725	11724757520023927113
726	07666403910292967210
727	08775282065486642620
728	05945403693798312552
729	06021774091285815183
730	04685893507468850513
731	07490714456823411105
732	12618590980269843338
733	10453329494833654228
734	05185198918214511031
735	09681093270759102798
736	17416487723137752625
737	06944494491870276597
738	03553406683963646890
739	15325657716988335748
740	05171247614703503161
741	15266461415763453955
742	11411248402702977950
743	16577942519921867895
744	06208601147119012884
745	16239706303994447211
746	09264333636953127333
747	06055771049548326184
748	12695560372046703773
749	03277839038420801341
750	06869398272778712571
751	16994775290705857124
752	10047182780800088529
753	01555416811157759570
754	01623632500323933077
755	13865681401074696660
756	03523880209148468668
757	05301582653770285570
758	12395516592885637178
759	13451664440775056086
760	07542649202206546058
761	11733679183099727906
762	01462456273262867692
763	00113180581563128111
764	01232546631642730746
765	15301616282281805065
766	01046100432093150453
767	08781906364464229430
768	16034026901551422824
769	02660066859915942671
770	02509624286937707763
771	03332655381437427148
772	11887811640592544409
773	11063439535191434495
774	00166232322139132742
775	13746504543146890513
776	08314066940283034181
777	12592793029667961982
778	15028168355622692217
779	03973663398368908788
780	08258990417200133743
781	14128699665718268048
782	15242669284082234546
783	17985802441213450323
784	11364694442921597982
785	13792998694222310879
786	00917119702652374998
787	03593058219953470991
788	17391390612258997720
789	12153087503471597049
790	07371984399436219808
791	14582366464486007829
792	01140061140282509940
793	04185856603679699491
794	04670023926998938846
795	00601786888294192644
796	03024592576623652203
797	02658555755380679981
798	02582219079161172695
799	04177837274683764926
800	12969491735257160873
801	04523275852554473652
802	04827387014106827569
803	07474522549438615077
804	16258399752381101351
805	16674379166202346680
806	09139727225455702563
807	05888500125111345736
808	17888850468684253801
809	16653311734869948804
810	10959636454794341388
811	10505901017756298610
812	14900156598544363552
813	08649620911304508184
814	04652941688117827730
815	17786425395801997374
816	03532946556846257924
817	13017106717963907807
818	00996331888996637740
819	13940100688423048671
820	10315826695219016118
821	03089949079990165145
822	10836336194058316344
823	13136842989911738290
824	17984425753341115862
825	09936152829872783925
826	03832075464534788258
827	15741046776348144580
828	16169609639603134285
829	08366469845756874802
830	06398577538514321611
831	09385412719259273576
832	13283799319469749754
833	09446839318017327729
834	14492866610433980074
835	16966182531729518347
836	00156477751564868997
837	16464847291060463525
838	08053015445804634415
839	03176766921047688685
840	10187294387294519750
841	04546726053563126666
842	15090520486589445675
843	01021983883772730595
844	15598101852898708285
845	05868449813864311468
846	13853159907454097458
847	05182368618530099369
848	09848186637751745760
849	11721314120875448147
850	08218853279698266635
851	09559447137215524603
852	15609043973817219872
853	02748508455809634839
854	12379076654497113782
855	09734597881971818839
856	08697233700292462098
857	10332628078756879815
858	14164714945675863808
859	05488745920322604928
860	06230956562258914683
861	13624582109273942930
862	11760224213877843471
863	17725738867304006832
864	08223039388698534391
865	00039013668800686841
866	12702851054207209676
867	01852005062622802045
868	10182044203515292611
869	03590366905976863987
870	18274112263938814534
871	12161419449997933179
872	14033110208820049550
873	13489465857822262259
874	04634600747723169915
875	13943472403561378931
876	12995695360857965306
877	06387258947349575424
878	00779193605777455917
879	14985583214756756745
880	04248310779705812493
881	15626687257536346457
882	12833770750478291560
883	15851478125762406190
884	10994983096925680236
885	06189072158746133945
886	06348971454048368043
887	01887225879095899899
888	14114117352756113932
889	16840451443758200987
890	14661141046710786302
891	13134668840771351492
892	03230976328454697508
893	15669535087516151876
894	08416669187795665872
895	14134371187324451910
896	06018748688748811127
897	07431661847465171374
898	16786391018283091241
899	10544389727757416042
900	17223331461172847329
901	04580166464008581718
902	11987848090010652022
903	14286064937405106314
904	04707903584699538755
905	01564961812873090176
906	05770368232966721994
907	14902316198606172149
908	12775260237414398728
909	13725960905621921748
910	02972753895335923686
911	03611294819588775008
912	01752085450860567747
913	10158601508804891188
914	14355214251870087686
915	13308549526750037130
916	15944075749201928679
917	14794999990585341500
918	00686560169605779829
919	14555183374573659218
920	06336126983380465583
921	08367671675340168812
922	10194774680269747732
923	02056302287185074300
924	08114403828413510610
925	14823832922992852520
926	01430255791831096589
927	05903898621280536821
928	16113556161130646096
929	07677393118283474954
930	06968158216654607450
931	06566402497651328015
932	14861115198100189811
933	00396401450979979048
934	17650783639868553461
935	13961957685319152556
936	02540186226581133773
937	12225242250932779536
938	16185021470016489707
939	02241044779748862804
940	04930545725690753449
941	13353797893807660032
942	09456517834198493233
943	16751491912651082102
944	07429532445198866053
945	18388811605516184396
946	10596762346633088660
947	05719685421790192179
948	00028580102103825572
949	10292698240721646629
950	18382031990850042360
951	06695214027984914400
952	03287508815703547834
953	08866545278914063241
954	11412879236681056025
955	18212579043455109429
956	01774914463433082534
957	01374645240864069880
958	10471661517652774887
959	11412238071988336598
960	02744337654328299829
961	15527762346818130311
962	04733005432851918522
963	03121202624302243956
964	18160300897964605073
965	03613033400567851101
966	16040288600572145383
967	16158767214981224686
968	05166420499631337787
969	04906110964673911576
970	16246014348633401511
971	16528036123258186825
972	03249175572513344147
973	17018402033047522224
974	07373064430452163271
975	09165204925357372007
976	18173798263479083022
977	14481516501595169130
978	14717287107844385206
979	18222093097255746915
980	17357603761826058401
981	06628139867620136868
982	08332768512156423510
983	05415657529585045891
984	17596919228057732408
985	16487265683873085115
986	04417096582883667705
987	09449630350567025534
988	09070925406274337420
989	15182321284316376622
990	07784510870130966652
991	18247464561763213060
992	03615562586479943749
993	02889264701831319205
994	17006788023814695975
995	02354639039895924072
996	15319168103159401619
997	15779403732574487272
998	13479441623891834022
999	08775598475464927930
